LocalTimestamp,EmotiBitTimestamp,PacketNumber,DataLength,TypeTag,ProtocolVersion,DataReliability,B%
1660667335.502193,2089996.000,630,1,B%,1,100,59
1660667336.499969,2090969.000,777,1,B%,1,100,59
1660667337.500822,2091945.000,948,1,B%,1,100,59
1660667338.498598,2092918.000,1111,1,B%,1,100,58
1660667339.496374,2093891.000,1260,1,B%,1,100,58
1660667340.495175,2094865.000,1425,1,B%,1,100,59
1660667341.496028,2095841.000,1572,1,B%,1,100,59
1660667342.492778,2096813.000,1742,1,B%,1,100,58
1660667343.493631,2097789.000,1891,1,B%,1,100,58
1660667344.493458,2098764.000,2039,1,B%,1,100,59
1660667345.491234,2099737.000,2204,1,B%,1,100,58
1660667346.489010,2100710.000,2352,1,B%,1,100,58
1660667347.486786,2101683.000,2522,1,B%,1,100,58
1660667348.485587,2102657.000,2686,1,B%,1,100,59
1660667349.485414,2103632.000,2834,1,B%,1,100,58
1660667350.481139,2104603.000,2999,1,B%,1,100,58
1660667351.480966,2105578.000,3148,1,B%,1,100,58
1660667352.482844,2106555.000,3303,1,B%,1,100,58
1660667353.481645,2107529.000,3467,1,B%,1,100,58
1660667354.478396,2108501.000,3631,1,B%,1,100,58
1660667355.477197,2109475.000,3780,1,B%,1,100,58
1660667356.474973,2110448.000,3945,1,B%,1,100,58
1660667357.474800,2111423.000,4092,1,B%,1,100,57
1660667358.471551,2112395.000,4263,1,B%,1,100,58
1660667359.470352,2113369.000,4414,1,B%,1,100,58
1660667360.468128,2114342.000,4579,1,B%,1,100,58
1660667361.468981,2115318.000,4726,1,B%,1,100,59
1660667362.464706,2116289.000,4894,1,B%,1,100,58
1660667363.465558,2117265.000,5047,1,B%,1,100,58
1660667364.465385,2118240.000,5213,1,B%,1,100,58
1660667365.461110,2119211.000,5378,1,B%,1,100,58
1660667366.458886,2120184.000,5526,1,B%,1,100,58
1660667367.458713,2121159.000,5690,1,B%,1,100,58
1660667368.456489,2122132.000,5843,1,B%,1,100,58
1660667369.456316,2123107.000,6008,1,B%,1,100,58
1660667370.453067,2124079.000,6156,1,B%,1,100,58
1660667371.452894,2125054.000,6321,1,B%,1,100,58
1660667372.452721,2126029.000,6472,1,B%,1,100,58
1660667373.451522,2127003.000,6642,1,B%,1,100,58
1660667374.449298,2127976.000,6790,1,B%,1,100,58
1660667375.449125,2128951.000,6955,1,B%,1,100,59
1660667376.446901,2129924.000,7103,1,B%,1,100,59
1660667377.442626,2130895.000,7271,1,B%,1,100,59
1660667378.441428,2131869.000,7418,1,B%,1,100,58
1660667379.441255,2132844.000,7574,1,B%,1,100,57
1660667380.439031,2133817.000,7724,1,B%,1,100,57
1660667381.439883,2134793.000,7889,1,B%,1,100,58
1660667382.436634,2135765.000,8038,1,B%,1,100,58
1660667383.436460,2136740.000,8203,1,B%,1,100,58
1660667384.434237,2137713.000,8356,1,B%,1,100,57
1660667385.430987,2138685.000,8523,1,B%,1,100,57
1660667386.428763,2139658.000,8672,1,B%,1,100,58
1660667387.430641,2140635.000,8839,1,B%,1,100,58
1660667388.426366,2141606.000,8987,1,B%,1,100,58
1660667389.424142,2142579.000,9125,1,B%,1,100,58
1660667390.421918,2143552.000,9291,1,B%,1,100,58
1660667391.421745,2144527.000,9458,1,B%,1,100,57
1660667392.420547,2145501.000,9607,1,B%,1,100,57
1660667393.420373,2146476.000,9772,1,B%,1,100,57
1660667394.419175,2147450.000,9925,1,B%,1,100,57
1660667395.416951,2148423.000,10074,1,B%,1,100,58
1660667396.414727,2149396.000,10177,1,B%,1,100,57
1660667397.412503,2150369.000,10327,1,B%,1,100,58
1660667398.411304,2151343.000,10493,1,B%,1,100,58
1660667399.412157,2152319.000,10660,1,B%,1,100,57
1660667400.406857,2153289.000,10813,1,B%,1,100,56
1660667401.406683,2154264.000,10978,1,B%,1,100,57
1660667402.407536,2155240.000,11127,1,B%,1,100,58
1660667403.407363,2156215.000,11291,1,B%,1,100,58
1660667404.404113,2157187.000,11439,1,B%,1,100,57
1660667405.401889,2158160.000,11610,1,B%,1,100,57
1660667406.399665,2159133.000,11758,1,B%,1,100,56
1660667407.399492,2160108.000,11922,1,B%,1,100,57
1660667408.396243,2161080.000,12087,1,B%,1,100,58
1660667409.397095,2162056.000,12236,1,B%,1,100,57
1660667410.394871,2163029.000,12407,1,B%,1,100,56
1660667411.393673,2164003.000,12556,1,B%,1,100,56
1660667412.389398,2164974.000,12721,1,B%,1,100,56
1660667413.389225,2165949.000,12886,1,B%,1,100,57
1660667414.388026,2166923.000,13036,1,B%,1,100,57
1660667415.386828,2167897.000,13208,1,B%,1,100,57
1660667416.385629,2168871.000,13357,1,B%,1,100,57
1660667417.383405,2169844.000,13504,1,B%,1,100,57
1660667418.381181,2170817.000,13670,1,B%,1,100,57
1660667419.378957,2171790.000,13818,1,B%,1,100,56
1660667420.375708,2172762.000,13984,1,B%,1,100,56
1660667421.377586,2173739.000,14140,1,B%,1,100,56
1660667422.377413,2174714.000,14304,1,B%,1,100,56
1660667423.375189,2175687.000,14452,1,B%,1,100,57
1660667424.371939,2176659.000,14617,1,B%,1,100,57
1660667425.370741,2177633.000,14765,1,B%,1,100,58
1660667426.367491,2178605.000,14936,1,B%,1,100,57
1660667427.368344,2179581.000,15083,1,B%,1,100,57
1660667428.366120,2180554.000,15249,1,B%,1,100,57
1660667429.365947,2181529.000,15414,1,B%,1,100,57
1660667430.362697,2182501.000,15563,1,B%,1,100,57
1660667431.362524,2183476.000,15733,1,B%,1,100,57
1660667432.360300,2184449.000,15881,1,B%,1,100,57
1660667433.362178,2185426.000,16046,1,B%,1,100,57
1660667434.360979,2186400.000,16195,1,B%,1,100,57
1660667435.357730,2187372.000,16358,1,B%,1,100,57
1660667436.356531,2188346.000,16507,1,B%,1,100,58
1660667437.356358,2189321.000,16678,1,B%,1,100,58
1660667438.353109,2190293.000,16828,1,B%,1,100,58
1660667439.351910,2191267.000,16992,1,B%,1,100,58
1660667440.348661,2192239.000,17161,1,B%,1,100,56
1660667441.348488,2193214.000,17309,1,B%,1,100,57
1660667442.347289,2194188.000,17465,1,B%,1,100,56
1660667443.347116,2195163.000,17616,1,B%,1,100,57
1660667444.345918,2196137.000,17783,1,B%,1,100,58
1660667445.344719,2197111.000,17950,1,B%,1,100,57
1660667446.341470,2198083.000,18098,1,B%,1,100,57
1660667447.338220,2199055.000,18270,1,B%,1,100,56
1660667448.335996,2200028.000,18421,1,B%,1,100,57
1660667449.335823,2201003.000,18586,1,B%,1,100,57
1660667450.332574,2201975.000,18733,1,B%,1,100,57
1660667451.332401,2202950.000,18901,1,B%,1,100,57
1660667452.331202,2203924.000,19057,1,B%,1,100,57
1660667453.330004,2204898.000,19222,1,B%,1,100,57
1660667454.327780,2205871.000,19387,1,B%,1,100,57
1660667455.324530,2206843.000,19537,1,B%,1,100,57
1660667456.323332,2207817.000,19704,1,B%,1,100,57
1660667457.324184,2208793.000,19855,1,B%,1,100,57
1660667458.320935,2209765.000,20011,1,B%,1,100,57
1660667459.320762,2210740.000,20177,1,B%,1,100,57
1660667460.319563,2211714.000,20344,1,B%,1,100,56
1660667461.319390,2212689.000,20495,1,B%,1,100,57
1660667462.316141,2213661.000,20660,1,B%,1,100,57
1660667463.315968,2214636.000,20816,1,B%,1,100,57
1660667464.314769,2215610.000,20966,1,B%,1,100,56
1660667465.312545,2216583.000,21132,1,B%,1,100,56
1660667466.310321,2217556.000,21298,1,B%,1,100,56
1660667467.308097,2218529.000,21451,1,B%,1,100,57
1660667468.305873,2219502.000,21621,1,B%,1,100,57
1660667469.305700,2220477.000,21771,1,B%,1,100,57
1660667470.302451,2221449.000,21936,1,B%,1,100,57
1660667471.303303,2222425.000,22085,1,B%,1,100,57
1660667472.305181,2223402.000,22252,1,B%,1,100,58
1660667473.302957,2224375.000,22405,1,B%,1,100,57
1660667474.298682,2225346.000,22572,1,B%,1,100,56
1660667475.297483,2226320.000,22723,1,B%,1,100,57
1660667476.294234,2227292.000,22888,1,B%,1,100,57
1660667477.293036,2228266.000,23055,1,B%,1,100,57
1660667478.290812,2229239.000,23203,1,B%,1,100,57
1660667479.291664,2230215.000,23357,1,B%,1,100,56
1660667480.288414,2231187.000,23524,1,B%,1,100,56
1660667481.288241,2232162.000,23689,1,B%,1,100,56
1660667482.286017,2233135.000,23837,1,B%,1,100,56
1660667483.286870,2234111.000,24006,1,B%,1,100,57
1660667484.285671,2235085.000,24160,1,B%,1,100,56
1660667485.281396,2236056.000,24325,1,B%,1,100,56
1660667486.278147,2237028.000,24475,1,B%,1,100,56
1660667487.278999,2238004.000,24640,1,B%,1,100,56
1660667488.276775,2238977.000,24789,1,B%,1,100,56
1660667489.275577,2239951.000,24942,1,B%,1,100,56
1660667490.273353,2240924.000,25109,1,B%,1,100,56
1660667491.273180,2241899.000,25258,1,B%,1,100,56
1660667492.271981,2242873.000,25425,1,B%,1,100,56
1660667493.270783,2243847.000,25590,1,B%,1,100,56
1660667494.268559,2244820.000,25743,1,B%,1,100,56
1660667495.267360,2245794.000,25910,1,B%,1,100,56
1660667496.265136,2246767.000,26058,1,B%,1,100,56
1660667497.262912,2247740.000,26222,1,B%,1,100,56
1660667498.261714,2248714.000,26389,1,B%,1,100,56
1660667499.262566,2249690.000,26537,1,B%,1,100,57
1660667500.259317,2250662.000,26709,1,B%,1,100,56
1660667501.259144,2251637.000,26858,1,B%,1,100,56
1660667502.257945,2252611.000,27025,1,B%,1,100,56
1660667503.257772,2253586.000,27190,1,B%,1,100,56
1660667504.256573,2254560.000,27340,1,B%,1,100,56
1660667505.254349,2255533.000,27493,1,B%,1,100,57
1660667506.254176,2256508.000,27659,1,B%,1,100,56
1660667507.255029,2257484.000,27826,1,B%,1,100,56
1660667508.251779,2258456.000,27976,1,B%,1,100,57
1660667509.250581,2259430.000,28143,1,B%,1,100,56
1660667510.248357,2260403.000,28297,1,B%,1,100,55
1660667511.248184,2261378.000,28464,1,B%,1,100,56
1660667512.244934,2262350.000,28616,1,B%,1,100,56
1660667513.245787,2263326.000,28781,1,B%,1,100,56
1660667514.244588,2264300.000,28930,1,B%,1,100,56
1660667515.242364,2265273.000,29082,1,B%,1,100,57
1660667516.239115,2266245.000,29233,1,B%,1,100,57
1660667517.236891,2267218.000,29397,1,B%,1,100,56
1660667518.234667,2268191.000,29562,1,B%,1,100,56
1660667519.233468,2269165.000,29713,1,B%,1,100,55
1660667520.230219,2270137.000,29880,1,B%,1,100,55
1660667521.230046,2271112.000,30035,1,B%,1,100,56
1660667522.231924,2272089.000,30186,1,B%,1,100,56
1660667523.229700,2273062.000,30351,1,B%,1,100,56
1660667524.226450,2274034.000,30499,1,B%,1,100,55
1660667525.226277,2275009.000,30666,1,B%,1,100,55
1660667526.223028,2275981.000,30820,1,B%,1,100,55
1660667527.222855,2276956.000,30987,1,B%,1,100,56
1660667528.219605,2277928.000,31135,1,B%,1,100,56
1660667529.218407,2278902.000,31302,1,B%,1,100,57
1660667530.216183,2279875.000,31450,1,B%,1,100,57
1660667531.216010,2280850.000,31623,1,B%,1,100,56
1660667532.212760,2281822.000,31771,1,B%,1,100,56
1660667533.214638,2282799.000,31935,1,B%,1,100,56
1660667534.214465,2283774.000,32086,1,B%,1,100,56
1660667535.211215,2284746.000,32250,1,B%,1,100,56
1660667536.208992,2285719.000,32405,1,B%,1,100,56
1660667537.208818,2286694.000,32572,1,B%,1,100,56
1660667538.205569,2287666.000,32737,1,B%,1,100,56
1660667539.204370,2288640.000,32888,1,B%,1,100,56
1660667540.201121,2289612.000,33053,1,B%,1,100,56
1660667541.200948,2290587.000,33201,1,B%,1,100,55
1660667542.200775,2291562.000,33357,1,B%,1,100,56
1660667543.199576,2292536.000,33507,1,B%,1,100,56
1660667544.198378,2293510.000,33673,1,B%,1,100,56
1660667545.198205,2294485.000,33840,1,B%,1,100,56
1660667546.195981,2295458.000,33990,1,B%,1,100,56
1660667547.192731,2296430.000,34144,1,B%,1,100,56
1660667548.190507,2297403.000,34295,1,B%,1,100,56
1660667549.190334,2298378.000,34461,1,B%,1,100,56
1660667550.187085,2299350.000,34626,1,B%,1,100,56
1660667551.186912,2300325.000,34776,1,B%,1,100,56
1660667552.185713,2301299.000,34932,1,B%,1,100,56
1660667553.185540,2302274.000,35097,1,B%,1,100,55
1660667554.184342,2303248.000,35262,1,B%,1,100,56
1660667555.182118,2304221.000,35411,1,B%,1,100,56
1660667556.181945,2305196.000,35578,1,B%,1,100,56
1660667557.182797,2306172.000,35738,1,B%,1,100,56
1660667558.179548,2307144.000,35872,1,B%,1,100,56
1660667559.177324,2308117.000,36019,1,B%,1,100,56
1660667560.175100,2309090.000,36187,1,B%,1,100,56
1660667561.174927,2310065.000,36352,1,B%,1,100,56
1660667562.171677,2311037.000,36501,1,B%,1,100,56
1660667563.171504,2312012.000,36655,1,B%,1,100,56
1660667564.170305,2312986.000,36805,1,B%,1,100,56
1660667565.169107,2313960.000,36970,1,B%,1,100,56
1660667566.167908,2314934.000,37120,1,B%,1,100,56
1660667567.165684,2315907.000,37284,1,B%,1,100,56
1660667568.164486,2316881.000,37425,1,B%,1,100,56
1660667569.165339,2317857.000,37590,1,B%,1,100,56
1660667570.162089,2318829.000,37757,1,B%,1,100,55
1660667571.161916,2319804.000,37906,1,B%,1,100,56
1660667572.163794,2320781.000,38073,1,B%,1,100,56
1660667573.161570,2321754.000,38227,1,B%,1,100,56
1660667574.157295,2322725.000,38378,1,B%,1,100,56
1660667575.156096,2323699.000,38545,1,B%,1,100,56
1660667576.152847,2324671.000,38695,1,B%,1,100,55
1660667577.151648,2325645.000,38862,1,B%,1,100,56
1660667578.149424,2326618.000,39010,1,B%,1,100,56
1660667579.150277,2327594.000,39169,1,B%,1,100,56
1660667580.147027,2328566.000,39319,1,B%,1,100,56
1660667581.147880,2329542.000,39483,1,B%,1,100,56
1660667582.145656,2330515.000,39647,1,B%,1,100,56
1660667583.147534,2331492.000,39796,1,B%,1,100,56
1660667584.147361,2332467.000,39937,1,B%,1,100,56
1660667585.143086,2333438.000,40101,1,B%,1,100,56
1660667586.140862,2334411.000,40250,1,B%,1,100,56
1660667587.140689,2335386.000,40416,1,B%,1,100,56
1660667588.137439,2336358.000,40583,1,B%,1,100,55
1660667589.136241,2337332.000,40718,1,B%,1,100,54
1660667590.132991,2338304.000,40885,1,B%,1,100,54
1660667591.132818,2339279.000,41033,1,B%,1,100,54
1660667592.131620,2340253.000,41200,1,B%,1,100,54
1660667593.130421,2341227.000,41348,1,B%,1,100,53
1660667594.129223,2342201.000,41502,1,B%,1,100,53
1660667595.126999,2343174.000,41669,1,B%,1,100,53
1660667596.125800,2344148.000,41817,1,B%,1,100,53
1660667597.122550,2345120.000,41982,1,B%,1,100,53
1660667598.121352,2346094.000,42133,1,B%,1,100,53
1660667599.123230,2347071.000,42299,1,B%,1,100,53
1660667600.118955,2348042.000,42452,1,B%,1,100,53
1660667601.118782,2349017.000,42600,1,B%,1,100,53
1660667602.117584,2349991.000,42766,1,B%,1,100,53
1660667603.116385,2350965.000,42931,1,B%,1,100,53
1660667604.114161,2351938.000,43079,1,B%,1,100,53
1660667605.111937,2352911.000,43235,1,B%,1,100,53
1660667606.108687,2353883.000,43402,1,B%,1,100,53
1660667607.109540,2354859.000,43549,1,B%,1,100,52
1660667608.107316,2355832.000,43717,1,B%,1,100,52
1660667609.107143,2356807.000,43882,1,B%,1,100,52
1660667610.106970,2357782.000,44021,1,B%,1,100,52
1660667611.106797,2358757.000,44187,1,B%,1,100,52
1660667612.102522,2359728.000,44334,1,B%,1,100,52
1660667613.103374,2360704.000,44500,1,B%,1,100,52
1660667614.101150,2361677.000,44665,1,B%,1,100,52
1660667615.098926,2362650.000,44819,1,B%,1,100,52
1660667616.097728,2363624.000,44967,1,B%,1,100,52
1660667617.095504,2364597.000,45134,1,B%,1,100,52
1660667618.093280,2365570.000,45282,1,B%,1,100,52
1660667619.092081,2366544.000,45446,1,B%,1,100,52
1660667620.088832,2367516.000,45613,1,B%,1,100,52
1660667621.089684,2368492.000,45770,1,B%,1,100,52
1660667622.089511,2369467.000,45919,1,B%,1,100,52
1660667623.086262,2370439.000,46086,1,B%,1,100,52
1660667624.083012,2371411.000,46235,1,B%,1,100,52
1660667625.081814,2372385.000,46400,1,B%,1,100,52
1660667626.078564,2373357.000,46555,1,B%,1,100,52
1660667627.079417,2374333.000,46705,1,B%,1,100,52
1660667628.077193,2375306.000,46855,1,B%,1,100,52
1660667629.077020,2376281.000,47019,1,B%,1,100,52
1660667630.073770,2377253.000,47186,1,B%,1,100,52
1660667631.073597,2378228.000,47324,1,B%,1,100,52
1660667632.070348,2379200.000,47492,1,B%,1,100,52
1660667633.071200,2380176.000,47657,1,B%,1,100,52
1660667634.070002,2381150.000,47806,1,B%,1,100,52
1660667635.066752,2382122.000,47973,1,B%,1,100,52
1660667636.064528,2383095.000,48120,1,B%,1,100,52
1660667637.064355,2384070.000,48275,1,B%,1,100,52
1660667638.061105,2385042.000,48442,1,B%,1,100,52
1660667639.060933,2386017.000,48589,1,B%,1,100,52
1660667640.057683,2386989.000,48755,1,B%,1,100,52
1660667641.058536,2387965.000,48922,1,B%,1,100,52
1660667642.058362,2388940.000,49062,1,B%,1,100,52
1660667643.058189,2389915.000,49227,1,B%,1,100,52
1660667644.056991,2390889.000,49375,1,B%,1,100,51
1660667645.055792,2391863.000,49542,1,B%,1,100,52
1660667646.052543,2392835.000,49691,1,B%,1,100,51
1660667647.049294,2393807.000,49844,1,B%,1,100,52
1660667648.048095,2394781.000,50011,1,B%,1,100,51
1660667649.049973,2395758.000,50176,1,B%,1,100,51
1660667650.046723,2396730.000,50327,1,B%,1,100,51
1660667651.046550,2397705.000,50493,1,B%,1,100,51
1660667652.046377,2398680.000,50647,1,B%,1,100,51
1660667653.045179,2399654.000,50812,1,B%,1,100,50
1660667654.042955,2400627.000,50963,1,B%,1,100,51
1660667655.039705,2401599.000,51128,1,B%,1,100,51
1660667656.038507,2402573.000,51277,1,B%,1,100,51
1660667657.039359,2403549.000,51442,1,B%,1,100,51
1660667658.036110,2404521.000,51596,1,B%,1,100,51
1660667659.034911,2405495.000,51743,1,B%,1,100,51
1660667660.032687,2406468.000,51909,1,B%,1,100,51
1660667661.032514,2407443.000,52076,1,B%,1,100,51
1660667662.030290,2408416.000,52209,1,B%,1,100,51
1660667663.031142,2409392.000,52363,1,B%,1,100,51
1660667664.029944,2410366.000,52529,1,B%,1,100,51
1660667665.027720,2411339.000,52696,1,B%,1,100,51
1660667666.025496,2412312.000,52846,1,B%,1,100,51
1660667667.022247,2413284.000,53010,1,B%,1,100,51
1660667668.020023,2414257.000,53163,1,B%,1,100,51
1660667669.019850,2415232.000,53328,1,B%,1,100,51
1660667670.016600,2416204.000,53476,1,B%,1,100,51
1660667671.016427,2417179.000,53641,1,B%,1,100,51
1660667672.018305,2418156.000,53790,1,B%,1,100,51
1660667673.016081,2419129.000,53943,1,B%,1,100,51
1660667674.011806,2420100.000,54108,1,B%,1,100,51
1660667675.010607,2421074.000,54273,1,B%,1,100,51
1660667676.006333,2422045.000,54422,1,B%,1,100,51
1660667677.006160,2423020.000,54589,1,B%,1,100,51
1660667678.003936,2423993.000,54739,1,B%,1,100,51
1660667679.003762,2424968.000,54892,1,B%,1,100,51
1660667680.000513,2425940.000,55057,1,B%,1,100,50
1660667681.001365,2426916.000,55207,1,B%,1,100,50
1660667681.997091,2427887.000,55374,1,B%,1,100,51
1660667682.997943,2428863.000,55524,1,B%,1,100,51
1660667683.998795,2429839.000,55681,1,B%,1,100,51
1660667684.995546,2430811.000,55848,1,B%,1,100,51
1660667685.993322,2431784.000,55998,1,B%,1,100,51
1660667686.993149,2432759.000,56163,1,B%,1,100,51
1660667687.989899,2433731.000,56313,1,B%,1,100,51
1660667688.988701,2434705.000,56469,1,B%,1,100,51
1660667689.985451,2435677.000,56617,1,B%,1,100,50
1660667690.985278,2436652.000,56783,1,B%,1,100,50
1660667691.986131,2437628.000,56948,1,B%,1,100,50
1660667692.985958,2438603.000,57097,1,B%,1,100,50
1660667693.982708,2439575.000,57269,1,B%,1,100,50
1660667694.982535,2440550.000,57400,1,B%,1,100,51
1660667695.980311,2441523.000,57566,1,B%,1,100,50
1660667696.976036,2442494.000,57717,1,B%,1,100,50
1660667697.974838,2443468.000,57881,1,B%,1,100,50
1660667698.975690,2444444.000,58032,1,B%,1,100,51
1660667699.972441,2445416.000,58187,1,B%,1,100,50
1660667700.973293,2446392.000,58354,1,B%,1,100,50
1660667701.970044,2447364.000,58503,1,B%,1,100,51
1660667702.969871,2448339.000,58668,1,B%,1,100,50
1660667703.967647,2449312.000,58815,1,B%,1,100,51
1660667704.964397,2450284.000,58972,1,B%,1,100,51
1660667705.962173,2451257.000,59139,1,B%,1,100,51
1660667706.963026,2452233.000,59287,1,B%,1,100,51
1660667707.957725,2453203.000,59455,1,B%,1,100,50
1660667708.955501,2454176.000,59620,1,B%,1,100,50
1660667709.954303,2455150.000,59770,1,B%,1,100,50
1660667710.954130,2456125.000,59918,1,B%,1,100,50
1660667711.953957,2457100.000,60084,1,B%,1,100,50
1660667712.952758,2458074.000,60251,1,B%,1,100,50
1660667713.950534,2459047.000,60401,1,B%,1,100,50
1660667714.948310,2460020.000,60566,1,B%,1,100,50
1660667715.946086,2460993.000,60720,1,B%,1,100,50
1660667716.943862,2461966.000,60867,1,B%,1,100,50
1660667717.943689,2462941.000,61035,1,B%,1,100,50
1660667718.944541,2463917.000,61200,1,B%,1,100,50
1660667719.939241,2464887.000,61351,1,B%,1,100,50
1660667720.939068,2465862.000,61504,1,B%,1,100,50
1660667721.938895,2466837.000,61654,1,B%,1,100,50
1660667722.938722,2467812.000,61818,1,B%,1,100,50
1660667723.936498,2468785.000,61985,1,B%,1,100,50
1660667724.934274,2469758.000,62133,1,B%,1,100,50
1660667725.933075,2470732.000,62289,1,B%,1,100,50
1660667726.932902,2471707.000,62454,1,B%,1,100,50
1660667727.929653,2472679.000,62604,1,B%,1,100,50
1660667728.929480,2473654.000,62771,1,B%,1,100,50
1660667729.927256,2474627.000,62919,1,B%,1,100,50
1660667730.927083,2475602.000,63090,1,B%,1,100,50
1660667731.923833,2476574.000,63226,1,B%,1,100,49
1660667732.924686,2477550.000,63391,1,B%,1,100,50
1660667733.924513,2478525.000,63539,1,B%,1,100,50
1660667734.923314,2479499.000,63703,1,B%,1,100,50
1660667735.921090,2480472.000,63869,1,B%,1,100,50
1660667736.919892,2481446.000,64025,1,B%,1,100,50
1660667737.916642,2482418.000,64175,1,B%,1,100,50
1660667738.916469,2483393.000,64340,1,B%,1,100,50
1660667739.912194,2484364.000,64490,1,B%,1,100,50
1660667740.913047,2485340.000,64654,1,B%,1,100,50
1660667741.912874,2486315.000,64810,1,B%,1,100,50
1660667742.911675,2487289.000,64977,1,B%,1,100,50
1660667743.908426,2488261.000,65126,1,B%,1,100,50
1660667744.907227,2489235.000,65290,1,B%,1,100,49
1660667745.905003,2490208.000,65454,1,B%,1,100,50
1660667746.902779,2491181.000,71,1,B%,1,100,50
1660667747.901581,2492155.000,238,1,B%,1,100,50
1660667748.901407,2493130.000,389,1,B%,1,100,50
1660667749.898158,2494102.000,556,1,B%,1,100,50
1660667750.897985,2495077.000,703,1,B%,1,100,50
1660667751.894736,2496049.000,874,1,B%,1,100,50
1660667752.894562,2497024.000,1025,1,B%,1,100,49
1660667753.893364,2497998.000,1190,1,B%,1,100,49
1660667754.891140,2498971.000,1339,1,B%,1,100,49
1660667755.887891,2499943.000,1505,1,B%,1,100,49
1660667756.888743,2500919.000,1670,1,B%,1,100,50
1660667757.885494,2501891.000,1806,1,B%,1,100,50
1660667758.884295,2502865.000,1971,1,B%,1,100,50
1660667759.882071,2503838.000,2118,1,B%,1,100,50
1660667760.881898,2504813.000,2284,1,B%,1,100,49
1660667761.879674,2505786.000,2449,1,B%,1,100,49
1660667762.878475,2506760.000,2601,1,B%,1,100,49
1660667763.877277,2507734.000,2768,1,B%,1,100,49
1660667764.875053,2508707.000,2933,1,B%,1,100,49
1660667765.872829,2509680.000,3081,1,B%,1,100,49
1660667766.869580,2510652.000,3230,1,B%,1,100,49
1660667767.867355,2511625.000,3388,1,B%,1,100,49
1660667768.867182,2512600.000,3536,1,B%,1,100,49
1660667769.863933,2513572.000,3701,1,B%,1,100,49
1660667770.863760,2514547.000,3852,1,B%,1,100,49
1660667771.863587,2515522.000,4019,1,B%,1,100,49
1660667772.862388,2516496.000,4166,1,B%,1,100,49
1660667773.860164,2517469.000,4339,1,B%,1,100,49
1660667774.856915,2518441.000,4504,1,B%,1,100,49
1660667775.854691,2519414.000,4653,1,B%,1,100,49
1660667776.855543,2520390.000,4801,1,B%,1,100,49
1660667777.852294,2521362.000,4953,1,B%,1,100,49
1660667778.850070,2522335.000,5124,1,B%,1,100,49
1660667779.847846,2523308.000,5276,1,B%,1,100,49
1660667780.847673,2524283.000,5441,1,B%,1,100,49
1660667781.845449,2525256.000,5590,1,B%,1,100,49
1660667782.846301,2526232.000,5695,1,B%,1,100,49
1660667783.845103,2527206.000,5850,1,B%,1,100,48
1660667784.842879,2528179.000,6016,1,B%,1,100,49
1660667785.839629,2529151.000,6180,1,B%,1,100,49
1660667786.837405,2530124.000,6328,1,B%,1,100,49
1660667787.835181,2531097.000,6493,1,B%,1,100,49
1660667788.835008,2532072.000,6649,1,B%,1,100,49
1660667789.831759,2533044.000,6814,1,B%,1,100,49
1660667790.831586,2534019.000,6962,1,B%,1,100,49
1660667791.832438,2534995.000,7127,1,B%,1,100,49
1660667792.830214,2535968.000,7277,1,B%,1,100,49
1660667793.825939,2536939.000,7443,1,B%,1,100,49
1660667794.824741,2537913.000,7613,1,B%,1,100,49
1660667795.821491,2538885.000,7763,1,B%,1,100,49
1660667796.821318,2539860.000,7929,1,B%,1,100,49
1660667797.819094,2540833.000,8093,1,B%,1,100,49
1660667798.818921,2541808.000,8244,1,B%,1,100,48
1660667799.814646,2542779.000,8400,1,B%,1,100,49
1660667800.815499,2543755.000,8564,1,B%,1,100,48
1660667801.812249,2544727.000,8714,1,B%,1,100,49
1660667802.813102,2545703.000,8864,1,B%,1,100,49
1660667803.812928,2546678.000,9029,1,B%,1,100,49
1660667804.809679,2547650.000,9166,1,B%,1,100,49
1660667805.805404,2548621.000,9331,1,B%,1,100,49
1660667806.805231,2549596.000,9498,1,B%,1,100,48
1660667807.801982,2550568.000,9647,1,B%,1,100,48
1660667808.800783,2551542.000,9794,1,B%,1,100,49
1660667809.796508,2552513.000,9951,1,B%,1,100,49
1660667810.797361,2553489.000,10082,1,B%,1,100,49
1660667811.797188,2554464.000,10248,1,B%,1,100,49
1660667812.795989,2555438.000,10399,1,B%,1,100,49
1660667813.792740,2556410.000,10564,1,B%,1,100,48
1660667814.791541,2557384.000,10736,1,B%,1,100,48
1660667815.788292,2558356.000,10884,1,B%,1,100,48
1660667816.786068,2559329.000,11035,1,B%,1,100,48
1660667817.784869,2560303.000,11202,1,B%,1,100,48
1660667818.784696,2561278.000,11337,1,B%,1,100,48
1660667819.781447,2562250.000,11471,1,B%,1,100,48
1660667820.781274,2563225.000,11625,1,B%,1,100,48
1660667821.778024,2564197.000,11773,1,B%,1,100,48
1660667822.777851,2565172.000,11938,1,B%,1,100,48
1660667823.776653,2566146.000,12089,1,B%,1,100,48
1660667824.774429,2567119.000,12254,1,B%,1,100,48
1660667825.771179,2568091.000,12407,1,B%,1,100,48
1660667826.772032,2569067.000,12572,1,B%,1,100,48
1660667827.767756,2570038.000,12720,1,B%,1,100,48
1660667828.765532,2571011.000,12884,1,B%,1,100,48
1660667829.763309,2571984.000,13051,1,B%,1,100,48
1660667830.763135,2572959.000,13206,1,B%,1,100,48
1660667831.761937,2573933.000,13371,1,B%,1,100,48
1660667832.761764,2574908.000,13519,1,B%,1,100,48
1660667833.759540,2575881.000,13687,1,B%,1,100,48
1660667834.756290,2576853.000,13834,1,B%,1,100,48
1660667835.755092,2577827.000,14002,1,B%,1,100,48
1660667836.751842,2578799.000,14156,1,B%,1,100,48
1660667837.749619,2579772.000,14321,1,B%,1,100,48
1660667838.749445,2580747.000,14488,1,B%,1,100,48
1660667839.746196,2581719.000,14637,1,B%,1,100,48
1660667840.746023,2582694.000,14785,1,B%,1,100,48
1660667841.744824,2583668.000,14957,1,B%,1,100,48
1660667842.743626,2584642.000,15105,1,B%,1,100,48
1660667843.741402,2585615.000,15271,1,B%,1,100,48
1660667844.738153,2586587.000,15436,1,B%,1,100,48
1660667845.735929,2587560.000,15584,1,B%,1,100,48
1660667846.736781,2588536.000,15754,1,B%,1,100,48
1660667847.733531,2589508.000,15905,1,B%,1,100,48
1660667848.732333,2590482.000,16072,1,B%,1,100,48
1660667849.730109,2591455.000,16220,1,B%,1,100,48
1660667850.729936,2592430.000,16387,1,B%,1,100,48
1660667851.727712,2593403.000,16541,1,B%,1,100,48
1660667852.727539,2594378.000,16706,1,B%,1,100,48
1660667853.726340,2595352.000,16853,1,B%,1,100,48
1660667854.725142,2596326.000,17019,1,B%,1,100,48
1660667855.721892,2597298.000,17184,1,B%,1,100,47
1660667856.719668,2598271.000,17335,1,B%,1,100,48
1660667857.718470,2599245.000,17505,1,B%,1,100,48
1660667858.719322,2600221.000,17652,1,B%,1,100,48
1660667859.715047,2601192.000,17820,1,B%,1,100,48
1660667860.715900,2602168.000,17985,1,B%,1,100,48
1660667861.714701,2603142.000,18134,1,B%,1,100,48
1660667862.713503,2604116.000,18289,1,B%,1,100,48
1660667863.711279,2605089.000,18454,1,B%,1,100,48
1660667864.709055,2606062.000,18602,1,B%,1,100,47
1660667865.707856,2607036.000,18770,1,B%,1,100,47
1660667866.707683,2608011.000,18917,1,B%,1,100,47
1660667867.704434,2608983.000,19088,1,B%,1,100,47
1660667868.703235,2609957.000,19236,1,B%,1,100,47
1660667869.701011,2610930.000,19404,1,B%,1,100,47
1660667870.700838,2611905.000,19569,1,B%,1,100,48
1660667871.697589,2612877.000,19719,1,B%,1,100,48
1660667872.698441,2613853.000,19873,1,B%,1,100,48
1660667873.697242,2614827.000,20038,1,B%,1,100,48
1660667874.695019,2615800.000,20205,1,B%,1,100,49
1660667875.691769,2616772.000,20353,1,B%,1,100,49
1660667876.690571,2617746.000,20518,1,B%,1,100,49
1660667877.688347,2618719.000,20668,1,B%,1,100,50
1660667878.688174,2619694.000,20820,1,B%,1,100,50
1660667879.684924,2620666.000,20987,1,B%,1,100,50
1660667880.685776,2621642.000,21137,1,B%,1,100,50
1660667881.684578,2622616.000,21303,1,B%,1,100,50
1660667882.683379,2623590.000,21472,1,B%,1,100,50
1660667883.681155,2624563.000,21625,1,B%,1,100,50
1660667884.679957,2625537.000,21790,1,B%,1,100,50
1660667885.676708,2626509.000,21939,1,B%,1,100,49
1660667886.676534,2627484.000,22103,1,B%,1,100,50
1660667887.673285,2628456.000,22267,1,B%,1,100,50
1660667888.673112,2629431.000,22422,1,B%,1,100,50
1660667889.670888,2630404.000,22570,1,B%,1,100,49
1660667890.670715,2631379.000,22734,1,B%,1,100,49
1660667891.668491,2632352.000,22901,1,B%,1,100,50
1660667892.669343,2633328.000,23050,1,B%,1,100,50
1660667893.667119,2634301.000,23221,1,B%,1,100,49
1660667894.664895,2635274.000,23370,1,B%,1,100,50
1660667895.662671,2636247.000,23537,1,B%,1,100,50
1660667896.663524,2637223.000,23702,1,B%,1,100,50
1660667897.660274,2638195.000,23852,1,B%,1,100,50
1660667898.658050,2639168.000,24017,1,B%,1,100,50
1660667899.655826,2640141.000,24170,1,B%,1,100,50
1660667900.655653,2641116.000,24334,1,B%,1,100,50
1660667901.653429,2642089.000,24501,1,B%,1,100,50
1660667902.652231,2643063.000,24649,1,B%,1,100,49
1660667903.651032,2644037.000,24816,1,B%,1,100,50
1660667904.648808,2645010.000,24968,1,B%,1,100,49
1660667905.647610,2645984.000,25115,1,B%,1,100,50
1660667906.644360,2646956.000,25279,1,B%,1,100,50
1660667907.642136,2647929.000,25446,1,B%,1,100,50
1660667908.642989,2648905.000,25595,1,B%,1,100,50
1660667909.639739,2649877.000,25766,1,B%,1,100,50
1660667910.639566,2650852.000,25914,1,B%,1,100,50
1660667911.639393,2651827.000,26081,1,B%,1,100,50
1660667912.639220,2652802.000,26246,1,B%,1,100,50
1660667913.636996,2653775.000,26397,1,B%,1,100,49
1660667914.634772,2654748.000,26567,1,B%,1,100,48
1660667915.631523,2655720.000,26715,1,B%,1,100,48
1660667916.631350,2656695.000,26880,1,B%,1,100,48
1660667917.628100,2657667.000,27031,1,B%,1,100,48
1660667918.627927,2658642.000,27196,1,B%,1,100,47
1660667919.626729,2659616.000,27343,1,B%,1,100,47
1660667920.626555,2660591.000,27514,1,B%,1,100,47
1660667921.624331,2661564.000,27663,1,B%,1,100,47
1660667922.624158,2662539.000,27828,1,B%,1,100,47
1660667923.622960,2663513.000,27977,1,B%,1,100,47
1660667924.620736,2664486.000,28141,1,B%,1,100,47
1660667925.618512,2665459.000,28299,1,B%,1,100,47
1660667926.616288,2666432.000,28463,1,B%,1,100,47
1660667927.615089,2667406.000,28627,1,B%,1,100,47
1660667928.614916,2668381.000,28775,1,B%,1,100,47
1660667929.610641,2669352.000,28942,1,B%,1,100,47
1660667930.610468,2670327.000,29096,1,B%,1,100,47
1660667931.611321,2671303.000,29263,1,B%,1,100,47
1660667932.610122,2672277.000,29411,1,B%,1,100,47
1660667933.606873,2673249.000,29576,1,B%,1,100,46
1660667934.605674,2674223.000,29725,1,B%,1,100,46
1660667935.603450,2675196.000,29895,1,B%,1,100,46
1660667936.603277,2676171.000,30043,1,B%,1,100,47
1660667937.600028,2677143.000,30208,1,B%,1,100,47
1660667938.598829,2678117.000,30356,1,B%,1,100,47
1660667939.596605,2679090.000,30524,1,B%,1,100,47
1660667940.597458,2680066.000,30689,1,B%,1,100,47
1660667941.594208,2681038.000,30841,1,B%,1,100,47
1660667942.595061,2682014.000,30989,1,B%,1,100,47
1660667943.594887,2682989.000,31157,1,B%,1,100,47
1660667944.590613,2683960.000,31322,1,B%,1,100,47
1660667945.589414,2684934.000,31470,1,B%,1,100,47
1660667946.590266,2685910.000,31642,1,B%,1,100,47
1660667947.587017,2686882.000,31791,1,B%,1,100,47
1660667948.586844,2687857.000,31956,1,B%,1,100,47
1660667949.583595,2688829.000,32103,1,B%,1,100,47
1660667950.583421,2689804.000,32267,1,B%,1,100,47
1660667951.584274,2690780.000,32425,1,B%,1,100,47
1660667952.584101,2691755.000,32590,1,B%,1,100,46
1660667953.581877,2692728.000,32739,1,B%,1,100,47
1660667954.582729,2693704.000,32903,1,B%,1,100,46
1660667955.580505,2694677.000,33070,1,B%,1,100,46
1660667956.576231,2695648.000,33226,1,B%,1,100,46
1660667957.575032,2696622.000,33375,1,B%,1,100,46
1660667958.575884,2697598.000,33522,1,B%,1,100,46
1660667959.572635,2698570.000,33690,1,B%,1,100,46
1660667960.573487,2699546.000,33855,1,B%,1,100,46
1660667961.570238,2700518.000,34006,1,B%,1,100,46
1660667962.570065,2701493.000,34157,1,B%,1,100,46
1660667963.567841,2702466.000,34322,1,B%,1,100,46
1660667964.564591,2703438.000,34470,1,B%,1,100,46
1660667965.561342,2704410.000,34638,1,B%,1,100,46
1660667966.563220,2705387.000,34803,1,B%,1,100,46
1660667967.558945,2706358.000,34941,1,B%,1,100,46
1660667968.557746,2707332.000,35107,1,B%,1,100,46
1660667969.556548,2708306.000,35272,1,B%,1,100,46
1660667970.556375,2709281.000,35421,1,B%,1,100,46
1660667971.555176,2710255.000,35588,1,B%,1,100,46
1660667972.553978,2711229.000,35726,1,B%,1,100,46
1660667973.551754,2712202.000,35893,1,B%,1,100,46
1660667974.549530,2713175.000,36041,1,B%,1,100,46
1660667975.548331,2714149.000,36207,1,B%,1,100,46
1660667976.546107,2715122.000,36374,1,B%,1,100,46
1660667977.544909,2716096.000,36524,1,B%,1,100,46
1660667978.544736,2717071.000,36679,1,B%,1,100,46
1660667979.539435,2718041.000,36845,1,B%,1,100,46
1660667980.539262,2719016.000,36995,1,B%,1,100,46
1660667981.539089,2719991.000,37146,1,B%,1,100,46
1660667982.538916,2720966.000,37311,1,B%,1,100,46
1660667983.536692,2721939.000,37464,1,B%,1,100,46
1660667984.535494,2722913.000,37614,1,B%,1,100,46
1660667985.533270,2723886.000,37781,1,B%,1,100,46
1660667986.533097,2724861.000,37932,1,B%,1,100,46
1660667987.529847,2725833.000,38099,1,B%,1,100,46
1660667988.528649,2726807.000,38255,1,B%,1,100,46
1660667989.526424,2727780.000,38421,1,B%,1,100,46
1660667990.526252,2728755.000,38570,1,B%,1,100,46
1660667991.523002,2729727.000,38735,1,B%,1,100,46
1660667992.523854,2730703.000,38884,1,B%,1,100,46
1660667993.523681,2731678.000,39039,1,B%,1,100,46
1660667994.522483,2732652.000,39206,1,B%,1,100,46
1660667995.520259,2733625.000,39355,1,B%,1,100,46
1660667996.519060,2734599.000,39519,1,B%,1,100,46
1660667997.515811,2735571.000,39686,1,B%,1,100,46
1660667998.516663,2736547.000,39835,1,B%,1,100,46
1660667999.513414,2737519.000,39992,1,B%,1,100,45
1660668000.514266,2738495.000,40157,1,B%,1,100,46
1660668001.514093,2739470.000,40308,1,B%,1,100,46
1660668002.512895,2740444.000,40473,1,B%,1,100,46
1660668003.509645,2741416.000,40622,1,B%,1,100,45
1660668004.508447,2742390.000,40779,1,B%,1,100,45
1660668005.506223,2743363.000,40944,1,B%,1,100,45
1660668006.503999,2744336.000,41091,1,B%,1,100,45
1660668007.502800,2745310.000,41257,1,B%,1,100,45
1660668008.503653,2746286.000,41424,1,B%,1,100,45
1660668009.501429,2747259.000,41576,1,B%,1,100,46
1660668010.502281,2748235.000,41724,1,B%,1,100,45
1660668011.498006,2749206.000,41889,1,B%,1,100,45
1660668012.497833,2750181.000,42039,1,B%,1,100,45
1660668013.495609,2751154.000,42205,1,B%,1,100,45
1660668014.492360,2752126.000,42377,1,B%,1,100,45
1660668015.489110,2753098.000,42511,1,B%,1,100,45
1660668016.490988,2754075.000,42680,1,B%,1,100,45
1660668017.487739,2755047.000,42828,1,B%,1,100,45
1660668018.486540,2756021.000,42993,1,B%,1,100,45
1660668019.485342,2756995.000,43143,1,B%,1,100,45
1660668020.485168,2757970.000,43296,1,B%,1,100,45
1660668021.484995,2758945.000,43447,1,B%,1,100,45
1660668022.483797,2759919.000,43611,1,B%,1,100,45
1660668023.481573,2760892.000,43776,1,B%,1,100,45
1660668024.479349,2761865.000,43926,1,B%,1,100,45
1660668025.477125,2762838.000,44082,1,B%,1,100,45
1660668026.474901,2763811.000,44247,1,B%,1,100,45
1660668027.474728,2764786.000,44412,1,B%,1,100,45
1660668028.476606,2765763.000,44563,1,B%,1,100,45
1660668029.472331,2766734.000,44728,1,B%,1,100,45
1660668030.472158,2767709.000,44882,1,B%,1,100,45
1660668031.471985,2768684.000,45032,1,B%,1,100,45
1660668032.470786,2769658.000,45196,1,B%,1,100,45
1660668033.468562,2770631.000,45361,1,B%,1,100,45
1660668034.466338,2771604.000,45509,1,B%,1,100,45
1660668035.463089,2772576.000,45676,1,B%,1,100,45
1660668036.462916,2773551.000,45832,1,B%,1,100,45
1660668037.459666,2774523.000,45982,1,B%,1,100,44
1660668038.460519,2775499.000,46146,1,B%,1,100,45
1660668039.459320,2776473.000,46310,1,B%,1,100,45
1660668040.459147,2777448.000,46461,1,B%,1,100,45
1660668041.454872,2778419.000,46614,1,B%,1,100,45
1660668042.454699,2779394.000,46781,1,B%,1,100,45
1660668043.453501,2780368.000,46929,1,B%,1,100,45
1660668044.451277,2781341.000,47093,1,B%,1,100,44
1660668045.448027,2782313.000,47258,1,B%,1,100,44
1660668046.446829,2783287.000,47398,1,B%,1,100,44
1660668047.443579,2784259.000,47564,1,B%,1,100,45
1660668048.444432,2785235.000,47729,1,B%,1,100,45
1660668049.440157,2786206.000,47878,1,B%,1,100,45
1660668050.441009,2787182.000,48043,1,B%,1,100,45
1660668051.441861,2788158.000,48200,1,B%,1,100,45
1660668052.440663,2789132.000,48348,1,B%,1,100,44
1660668053.437413,2790104.000,48513,1,B%,1,100,44
1660668054.437240,2791079.000,48680,1,B%,1,100,44
1660668055.433991,2792051.000,48829,1,B%,1,100,44
1660668056.430742,2793023.000,48994,1,B%,1,100,44
1660668057.428518,2793996.000,49147,1,B%,1,100,44
1660668058.429370,2794972.000,49297,1,B%,1,100,44
1660668059.426121,2795944.000,49465,1,B%,1,100,44
1660668060.426973,2796920.000,49634,1,B%,1,100,44
1660668061.424749,2797893.000,49782,1,B%,1,100,44
1660668062.424576,2798868.000,49936,1,B%,1,100,44
1660668063.423377,2799842.000,50103,1,B%,1,100,44
1660668064.421153,2800815.000,50250,1,B%,1,100,44
1660668065.418929,2801788.000,50418,1,B%,1,100,44
1660668066.419782,2802764.000,50583,1,B%,1,100,44
1660668067.415507,2803735.000,50724,1,B%,1,100,44
1660668068.414308,2804709.000,50888,1,B%,1,100,44
1660668069.412084,2805682.000,51054,1,B%,1,100,44
1660668070.412937,2806658.000,51203,1,B%,1,100,45
1660668071.412764,2807633.000,51370,1,B%,1,100,45
1660668072.412591,2808608.000,51520,1,B%,1,100,44
1660668073.411392,2809582.000,51676,1,B%,1,100,44
1660668074.409168,2810555.000,51843,1,B%,1,100,44
1660668075.406944,2811528.000,51990,1,B%,1,100,44
1660668076.404720,2812501.000,52156,1,B%,1,100,44
1660668077.403522,2813475.000,52323,1,B%,1,100,44
1660668078.404374,2814451.000,52481,1,B%,1,100,44
1660668079.399074,2815421.000,52631,1,B%,1,100,44
1660668080.398901,2816396.000,52798,1,B%,1,100,44
1660668081.397702,2817370.000,52946,1,B%,1,100,44
1660668082.397529,2818345.000,53111,1,B%,1,100,44
1660668083.395305,2819318.000,53265,1,B%,1,100,44
1660668084.393081,2820291.000,53432,1,B%,1,100,44
1660668085.391882,2821265.000,53581,1,B%,1,100,44
1660668086.391709,2822240.000,53746,1,B%,1,100,44
1660668087.389485,2823213.000,53895,1,B%,1,100,44
1660668088.390338,2824189.000,54051,1,B%,1,100,44
1660668089.387088,2825161.000,54217,1,B%,1,100,44
1660668090.387941,2826137.000,54368,1,B%,1,100,44
1660668091.384691,2827109.000,54536,1,B%,1,100,44
1660668092.384518,2828084.000,54701,1,B%,1,100,44
1660668093.383320,2829058.000,54849,1,B%,1,100,44
1660668094.380070,2830030.000,55001,1,B%,1,100,44
1660668095.376821,2831002.000,55172,1,B%,1,100,44
1660668096.376648,2831977.000,55324,1,B%,1,100,44
1660668097.374424,2832950.000,55490,1,B%,1,100,44
1660668098.373225,2833924.000,55657,1,B%,1,100,44
1660668099.369976,2834896.000,55812,1,B%,1,100,44
1660668100.370828,2835872.000,55963,1,B%,1,100,44
1660668101.370655,2836847.000,56128,1,B%,1,100,44
1660668102.369457,2837821.000,56276,1,B%,1,100,44
1660668103.366207,2838793.000,56443,1,B%,1,100,44
1660668104.366034,2839768.000,56599,1,B%,1,100,44
1660668105.364836,2840742.000,56748,1,B%,1,100,44
1660668106.361586,2841714.000,56916,1,B%,1,100,44
1660668107.360388,2842688.000,57083,1,B%,1,100,44
1660668108.362266,2843665.000,57232,1,B%,1,100,44
1660668109.359016,2844637.000,57406,1,B%,1,100,44
1660668110.359869,2845613.000,57556,1,B%,1,100,44
1660668111.356619,2846585.000,57706,1,B%,1,100,44
1660668112.355421,2847559.000,57870,1,B%,1,100,44
1660668113.353197,2848532.000,58037,1,B%,1,100,43
1660668114.349947,2849504.000,58187,1,B%,1,100,43
1660668115.347723,2850477.000,58347,1,B%,1,100,43
1660668116.349601,2851454.000,58512,1,B%,1,100,43
1660668117.345326,2852425.000,58662,1,B%,1,100,43
1660668118.344127,2853399.000,58828,1,B%,1,100,43
1660668119.342929,2854373.000,58981,1,B%,1,100,43
1660668120.342756,2855348.000,59124,1,B%,1,100,43
1660668121.342583,2856323.000,59274,1,B%,1,100,43
1660668122.342410,2857298.000,59437,1,B%,1,100,43
1660668123.340186,2858271.000,59604,1,B%,1,100,43
1660668124.338987,2859245.000,59753,1,B%,1,100,43
1660668125.336763,2860218.000,59910,1,B%,1,100,43
1660668126.334539,2861191.000,60077,1,B%,1,100,44
1660668127.333341,2862165.000,60226,1,B%,1,100,43
1660668128.332142,2863139.000,60391,1,B%,1,100,43
1660668129.328893,2864111.000,60540,1,B%,1,100,43
1660668130.327694,2865085.000,60706,1,B%,1,100,43
1660668131.327521,2866060.000,60862,1,B%,1,100,43
1660668132.326323,2867034.000,61029,1,B%,1,100,43
1660668133.322048,2868005.000,61179,1,B%,1,100,43
1660668134.320849,2868979.000,61346,1,B%,1,100,43
1660668135.318625,2869952.000,61495,1,B%,1,100,43
1660668136.318452,2870927.000,61648,1,B%,1,100,43
1660668137.316228,2871900.000,61813,1,B%,1,100,43
1660668138.317081,2872876.000,61964,1,B%,1,100,43
1660668139.313831,2873848.000,62133,1,B%,1,100,43
1660668140.314684,2874824.000,62300,1,B%,1,100,43
1660668141.310409,2875795.000,62440,1,B%,1,100,43
1660668142.311261,2876771.000,62605,1,B%,1,100,43
1660668143.311088,2877746.000,62753,1,B%,1,100,43
1660668144.306813,2878717.000,62917,1,B%,1,100,43
1660668145.304589,2879690.000,63086,1,B%,1,100,43
1660668146.304416,2880665.000,63226,1,B%,1,100,43
1660668147.301167,2881637.000,63397,1,B%,1,100,43
1660668148.300994,2882612.000,63562,1,B%,1,100,43
1660668149.297744,2883584.000,63710,1,B%,1,100,43
1660668150.297571,2884559.000,63879,1,B%,1,100,43
1660668151.297398,2885534.000,64030,1,B%,1,100,43
1660668152.296200,2886508.000,64183,1,B%,1,100,43
1660668153.295001,2887482.000,64350,1,B%,1,100,43
1660668154.294828,2888457.000,64498,1,B%,1,100,43
1660668155.292604,2889430.000,64651,1,B%,1,100,42
1660668156.290380,2890403.000,64816,1,B%,1,100,42
1660668157.289181,2891377.000,64972,1,B%,1,100,42
1660668158.290034,2892353.000,65121,1,B%,1,100,43
1660668159.287810,2893326.000,65286,1,B%,1,100,43
1660668160.287637,2894301.000,65435,1,B%,1,100,42
1660668161.287464,2895276.000,65,1,B%,1,100,42
1660668162.286265,2896250.000,237,1,B%,1,100,43
1660668163.284041,2897223.000,385,1,B%,1,100,43
1660668164.280792,2898195.000,552,1,B%,1,100,43
1660668165.278568,2899168.000,716,1,B%,1,100,43
1660668166.278395,2900143.000,866,1,B%,1,100,43
1660668167.275145,2901115.000,1024,1,B%,1,100,43
1660668168.273947,2902089.000,1191,1,B%,1,100,43
1660668169.272748,2903063.000,1338,1,B%,1,100,43
1660668170.273601,2904039.000,1502,1,B%,1,100,42
1660668171.271377,2905012.000,1669,1,B%,1,100,42
1660668172.271204,2905987.000,1817,1,B%,1,100,42
1660668173.270005,2906961.000,1988,1,B%,1,100,42
1660668174.267781,2907934.000,2136,1,B%,1,100,42
1660668175.264532,2908906.000,2303,1,B%,1,100,43
1660668176.262308,2909879.000,2451,1,B%,1,100,42
1660668177.260084,2910852.000,2621,1,B%,1,100,42
1660668178.260936,2911828.000,2774,1,B%,1,100,42
1660668179.257687,2912800.000,2941,1,B%,1,100,42
1660668180.257514,2913775.000,3092,1,B%,1,100,42
1660668181.258366,2914751.000,3257,1,B%,1,100,42
1660668182.256142,2915724.000,3424,1,B%,1,100,43
1660668183.251867,2916695.000,3577,1,B%,1,100,42
1660668184.250669,2917669.000,3725,1,B%,1,100,42
1660668185.248445,2918642.000,3893,1,B%,1,100,42
1660668186.248271,2919617.000,4058,1,B%,1,100,42
1660668187.246047,2920590.000,4208,1,B%,1,100,42
1660668188.245874,2921565.000,4379,1,B%,1,100,42
1660668189.242625,2922537.000,4530,1,B%,1,100,42
1660668190.242452,2923512.000,4694,1,B%,1,100,42
1660668191.239202,2924484.000,4861,1,B%,1,100,42
1660668192.240055,2925460.000,5009,1,B%,1,100,42
1660668193.239882,2926435.000,5176,1,B%,1,100,42
1660668194.236632,2927407.000,5332,1,B%,1,100,42
1660668195.233383,2928379.000,5482,1,B%,1,100,41
1660668196.234235,2929355.000,5648,1,B%,1,100,41
1660668197.232011,2930328.000,5799,1,B%,1,100,42
1660668198.230813,2931302.000,5946,1,B%,1,100,42
1660668199.227563,2932274.000,6102,1,B%,1,100,42
1660668200.227390,2933249.000,6269,1,B%,1,100,42
1660668201.226192,2934223.000,6419,1,B%,1,100,42
1660668202.224993,2935197.000,6584,1,B%,1,100,42
1660668203.223795,2936171.000,6737,1,B%,1,100,42
1660668204.223622,2937146.000,6890,1,B%,1,100,42
1660668205.221398,2938119.000,7057,1,B%,1,100,42
1660668206.219174,2939092.000,7163,1,B%,1,100,42
1660668207.217975,2940066.000,7312,1,B%,1,100,41
1660668208.217802,2941041.000,7481,1,B%,1,100,42
1660668209.214553,2942013.000,7628,1,B%,1,100,42
1660668210.214380,2942988.000,7797,1,B%,1,100,42
1660668211.213181,2943962.000,7964,1,B%,1,100,42
1660668212.213008,2944937.000,8113,1,B%,1,100,42
1660668213.210784,2945910.000,8280,1,B%,1,100,42
1660668214.208560,2946883.000,8447,1,B%,1,100,42
1660668215.206336,2947856.000,8602,1,B%,1,100,42
1660668216.206163,2948831.000,8753,1,B%,1,100,42
1660668217.202914,2949803.000,8920,1,B%,1,100,42
1660668218.201715,2950777.000,9067,1,B%,1,100,42
1660668219.199491,2951750.000,9239,1,B%,1,100,42
1660668220.199318,2952725.000,9393,1,B%,1,100,42
1660668221.199145,2953700.000,9558,1,B%,1,100,42
1660668222.197946,2954674.000,9705,1,B%,1,100,41
1660668223.196748,2955648.000,9873,1,B%,1,100,42
1660668224.194524,2956621.000,10038,1,B%,1,100,43
1660668225.193325,2957595.000,10192,1,B%,1,100,43
1660668226.192127,2958569.000,10345,1,B%,1,100,43
1660668227.190928,2959543.000,10495,1,B%,1,100,43
1660668228.191781,2960519.000,10660,1,B%,1,100,44
1660668229.188531,2961491.000,10825,1,B%,1,100,44
1660668230.187333,2962465.000,10978,1,B%,1,100,44
1660668231.187160,2963440.000,11150,1,B%,1,100,44
1660668232.185961,2964414.000,11300,1,B%,1,100,44
1660668233.182712,2965386.000,11467,1,B%,1,100,44
1660668234.181513,2966360.000,11632,1,B%,1,100,44
1660668235.178264,2967332.000,11787,1,B%,1,100,44
1660668236.177065,2968306.000,11925,1,B%,1,100,44
1660668237.173816,2969278.000,12090,1,B%,1,100,44
1660668238.173643,2970253.000,12261,1,B%,1,100,44
1660668239.170393,2971225.000,12412,1,B%,1,100,44
1660668240.171246,2972201.000,12579,1,B%,1,100,44
1660668241.166971,2973172.000,12735,1,B%,1,100,43
1660668242.167823,2974148.000,12904,1,B%,1,100,43
1660668243.167650,2975123.000,13055,1,B%,1,100,44
1660668244.164401,2976095.000,13220,1,B%,1,100,44
1660668245.161151,2977067.000,13367,1,B%,1,100,44
1660668246.160978,2978042.000,13529,1,B%,1,100,43
1660668247.158754,2979015.000,13680,1,B%,1,100,43
1660668248.157556,2979989.000,13844,1,B%,1,100,43
1660668249.155332,2980962.000,14009,1,B%,1,100,44
1660668250.156184,2981938.000,14158,1,B%,1,100,44
1660668251.156011,2982913.000,14326,1,B%,1,100,44
1660668252.155838,2983888.000,14482,1,B%,1,100,43
1660668253.152588,2984860.000,14651,1,B%,1,100,43
1660668254.152416,2985835.000,14818,1,B%,1,100,44
1660668255.149166,2986807.000,14966,1,B%,1,100,44
1660668256.145916,2987779.000,15131,1,B%,1,100,43
1660668257.144718,2988753.000,15285,1,B%,1,100,44
1660668258.145571,2989729.000,15452,1,B%,1,100,44
1660668259.143346,2990702.000,15600,1,B%,1,100,44
1660668260.144199,2991678.000,15767,1,B%,1,100,44
1660668261.141975,2992651.000,15915,1,B%,1,100,44
1660668262.140776,2993625.000,16070,1,B%,1,100,44
1660668263.138552,2994598.000,16218,1,B%,1,100,44
1660668264.135303,2995570.000,16384,1,B%,1,100,44
1660668265.132053,2996542.000,16551,1,B%,1,100,44
1660668266.133931,2997519.000,16700,1,B%,1,100,44
1660668267.128631,2998489.000,16871,1,B%,1,100,44
1660668268.127432,2999463.000,17019,1,B%,1,100,44
1660668269.126234,3000437.000,17187,1,B%,1,100,44
1660668270.126061,3001412.000,17356,1,B%,1,100,44
1660668271.126913,3002388.000,17506,1,B%,1,100,44
1660668272.126740,3003363.000,17671,1,B%,1,100,44
1660668273.124516,3004336.000,17843,1,B%,1,100,44
1660668274.123318,3005310.000,17994,1,B%,1,100,44
1660668275.121094,3006283.000,18159,1,B%,1,100,44
1660668276.118870,3007256.000,18306,1,B%,1,100,44
1660668277.117671,3008230.000,18474,1,B%,1,100,44
1660668278.117498,3009205.000,18630,1,B%,1,100,44
1660668279.114249,3010177.000,18797,1,B%,1,100,43
1660668280.113050,3011151.000,18946,1,B%,1,100,43
1660668281.112877,3012126.000,19116,1,B%,1,100,44
1660668282.111679,3013100.000,19285,1,B%,1,100,43
1660668283.108429,3014072.000,19425,1,B%,1,100,44
1660668284.107231,3015046.000,19574,1,B%,1,100,44
1660668285.105006,3016019.000,19742,1,B%,1,100,43
1660668286.104834,3016994.000,19907,1,B%,1,100,43
1660668287.102610,3017967.000,20058,1,B%,1,100,44
1660668288.102437,3018942.000,20216,1,B%,1,100,44
1660668289.099187,3019914.000,20364,1,B%,1,100,44
1660668290.100039,3020890.000,20531,1,B%,1,100,44
1660668291.094739,3021860.000,20680,1,B%,1,100,44
1660668292.095592,3022836.000,20843,1,B%,1,100,44
1660668293.095418,3023811.000,21010,1,B%,1,100,44
1660668294.091143,3024782.000,21164,1,B%,1,100,44
1660668295.087894,3025754.000,21313,1,B%,1,100,43
1660668296.087721,3026729.000,21461,1,B%,1,100,44
1660668297.084471,3027701.000,21626,1,B%,1,100,44
1660668298.083273,3028675.000,21777,1,B%,1,100,44
1660668299.080024,3029647.000,21935,1,B%,1,100,44
1660668300.080876,3030623.000,22082,1,B%,1,100,43
1660668301.079677,3031597.000,22248,1,B%,1,100,43
1660668302.078479,3032571.000,22396,1,B%,1,100,44
1660668303.077280,3033545.000,22564,1,B%,1,100,44
1660668304.077107,3034520.000,22721,1,B%,1,100,44
1660668305.074883,3035493.000,22870,1,B%,1,100,44
1660668306.071634,3036465.000,23019,1,B%,1,100,43
1660668307.069410,3037438.000,23185,1,B%,1,100,44
1660668308.070262,3038414.000,23333,1,B%,1,100,44
1660668309.067013,3039386.000,23508,1,B%,1,100,44
1660668310.066840,3040361.000,23655,1,B%,1,100,44
1660668311.064616,3041334.000,23821,1,B%,1,100,44
1660668312.063417,3042308.000,23941,1,B%,1,100,44
1660668313.062219,3043282.000,24074,1,B%,1,100,44
1660668314.058969,3044254.000,24238,1,B%,1,100,44
1660668315.056745,3045227.000,24396,1,B%,1,100,44
1660668316.057598,3046203.000,24560,1,B%,1,100,45
1660668317.054348,3047175.000,24710,1,B%,1,100,44
1660668318.053150,3048149.000,24874,1,B%,1,100,44
1660668319.051951,3049123.000,25041,1,B%,1,100,43
1660668320.051778,3050098.000,25199,1,B%,1,100,43
1660668321.048529,3051070.000,25351,1,B%,1,100,43
1660668322.048356,3052045.000,25517,1,B%,1,100,42
1660668323.047157,3053019.000,25683,1,B%,1,100,43
1660668324.044933,3053992.000,25832,1,B%,1,100,43
1660668325.041684,3054964.000,25988,1,B%,1,100,44
1660668326.039460,3055937.000,26152,1,B%,1,100,43
1660668327.036210,3056909.000,26317,1,B%,1,100,43
1660668328.035012,3057883.000,26466,1,B%,1,100,43
1660668329.031762,3058855.000,26631,1,B%,1,100,43
1660668330.031589,3059830.000,26788,1,B%,1,100,43
1660668331.033467,3060807.000,26953,1,B%,1,100,43
1660668332.031243,3061780.000,27106,1,B%,1,100,43
1660668333.027994,3062752.000,27271,1,B%,1,100,44
1660668334.027821,3063727.000,27421,1,B%,1,100,44
1660668335.025597,3064700.000,27588,1,B%,1,100,44
1660668336.026449,3065676.000,27741,1,B%,1,100,44
1660668337.024225,3066649.000,27907,1,B%,1,100,43
1660668338.024052,3067624.000,28074,1,B%,1,100,43
1660668339.020802,3068596.000,28222,1,B%,1,100,43
1660668340.020629,3069571.000,28385,1,B%,1,100,43
1660668341.017380,3070543.000,28542,1,B%,1,100,43
1660668342.018232,3071519.000,28708,1,B%,1,100,43
1660668343.017034,3072493.000,28875,1,B%,1,100,43
1660668344.013784,3073465.000,29025,1,B%,1,100,44
1660668345.011560,3074438.000,29192,1,B%,1,100,44
1660668346.011387,3075413.000,29348,1,B%,1,100,43
1660668347.009163,3076386.000,29515,1,B%,1,100,43
1660668348.007965,3077360.000,29663,1,B%,1,100,43
1660668349.005741,3078333.000,29830,1,B%,1,100,43
1660668350.005568,3079308.000,29978,1,B%,1,100,44
1660668351.003344,3080281.000,30149,1,B%,1,100,44
1660668352.002145,3081255.000,30318,1,B%,1,100,44
1660668353.000947,3082229.000,30466,1,B%,1,100,43
1660668353.998723,3083202.000,30631,1,B%,1,100,43
1660668354.997524,3084176.000,30782,1,B%,1,100,43
1660668355.994275,3085148.000,30946,1,B%,1,100,43
1660668356.993076,3086122.000,31084,1,B%,1,100,43
1660668357.994954,3087099.000,31249,1,B%,1,100,43
1660668358.990679,3088070.000,31414,1,B%,1,100,43
1660668359.989481,3089044.000,31563,1,B%,1,100,43
1660668360.988282,3090018.000,31728,1,B%,1,100,43
1660668361.987084,3090992.000,31883,1,B%,1,100,43
1660668362.984860,3091965.000,32048,1,B%,1,100,43
1660668363.983661,3092939.000,32196,1,B%,1,100,43
1660668364.980412,3093911.000,32366,1,B%,1,100,43
1660668365.981264,3094887.000,32533,1,B%,1,100,44
1660668366.979040,3095860.000,32686,1,B%,1,100,43
1660668367.978867,3096835.000,32853,1,B%,1,100,43
1660668368.978694,3097810.000,33004,1,B%,1,100,43
1660668369.978521,3098785.000,33169,1,B%,1,100,44
1660668370.974246,3099756.000,33316,1,B%,1,100,43
1660668371.975098,3100732.000,33487,1,B%,1,100,43
1660668372.972874,3101705.000,33622,1,B%,1,100,43
1660668373.970650,3102678.000,33786,1,B%,1,100,43
1660668374.969452,3103652.000,33951,1,B%,1,100,43
1660668375.967228,3104625.000,34100,1,B%,1,100,43
1660668376.965004,3105598.000,34266,1,B%,1,100,43
1660668377.963805,3106572.000,34409,1,B%,1,100,43
1660668378.960556,3107544.000,34557,1,B%,1,100,43
1660668379.961408,3108520.000,34724,1,B%,1,100,43
1660668380.962261,3109496.000,34873,1,B%,1,100,43
1660668381.959011,3110468.000,35038,1,B%,1,100,42
1660668382.955762,3111440.000,35194,1,B%,1,100,42
1660668383.954563,3112414.000,35344,1,B%,1,100,42
1660668384.951314,3113386.000,35511,1,B%,1,100,42
1660668385.952166,3114362.000,35664,1,B%,1,100,43
1660668386.949942,3115335.000,35831,1,B%,1,100,42
1660668387.949769,3116310.000,35969,1,B%,1,100,42
1660668388.947545,3117283.000,36134,1,B%,1,100,42
1660668389.947372,3118258.000,36285,1,B%,1,100,42
1660668390.945148,3119231.000,36450,1,B%,1,100,42
1660668391.946001,3120207.000,36597,1,B%,1,100,42
1660668392.944802,3121181.000,36771,1,B%,1,100,42
1660668393.941553,3122153.000,36903,1,B%,1,100,43
1660668394.939329,3123126.000,37068,1,B%,1,100,43
1660668395.940181,3124102.000,37217,1,B%,1,100,43
1660668396.937957,3125075.000,37383,1,B%,1,100,42
1660668397.937784,3126050.000,37548,1,B%,1,100,42
1660668398.935560,3127023.000,37688,1,B%,1,100,42
1660668399.935387,3127998.000,37837,1,B%,1,100,42
1660668400.934189,3128972.000,38003,1,B%,1,100,42
1660668401.932990,3129946.000,38170,1,B%,1,100,42
1660668402.931792,3130920.000,38321,1,B%,1,100,43
1660668403.929568,3131893.000,38480,1,B%,1,100,43
1660668404.928369,3132867.000,38628,1,B%,1,100,43
1660668405.925120,3133839.000,38794,1,B%,1,100,42
1660668406.922895,3134812.000,38963,1,B%,1,100,42
1660668407.923748,3135788.000,39111,1,B%,1,100,42
1660668408.919473,3136759.000,39267,1,B%,1,100,42
1660668409.918274,3137733.000,39436,1,B%,1,100,42
1660668410.918102,3138708.000,39585,1,B%,1,100,43
1660668411.916903,3139682.000,39753,1,B%,1,100,43
1660668412.914679,3140655.000,39901,1,B%,1,100,42
1660668413.913481,3141629.000,40065,1,B%,1,100,42
1660668414.912282,3142603.000,40219,1,B%,1,100,43
1660668415.913134,3143579.000,40386,1,B%,1,100,43
1660668416.910910,3144552.000,40534,1,B%,1,100,43
1660668417.909712,3145526.000,40700,1,B%,1,100,42
1660668418.909539,3146501.000,40864,1,B%,1,100,43
1660668419.909366,3147476.000,41003,1,B%,1,100,43
1660668420.905091,3148447.000,41168,1,B%,1,100,42
1660668421.905943,3149423.000,41319,1,B%,1,100,43
1660668422.903719,3150396.000,41484,1,B%,1,100,42
1660668423.901495,3151369.000,41633,1,B%,1,100,43
1660668424.900297,3152343.000,41790,1,B%,1,100,42
1660668425.897047,3153315.000,41939,1,B%,1,100,42
1660668426.894823,3154288.000,42104,1,B%,1,100,42
1660668427.893625,3155262.000,42252,1,B%,1,100,42
1660668428.890375,3156234.000,42419,1,B%,1,100,42
1660668429.892253,3157211.000,42575,1,B%,1,100,42
1660668430.893106,3158187.000,42724,1,B%,1,100,42
1660668431.891907,3159161.000,42893,1,B%,1,100,42
1660668432.889683,3160134.000,43042,1,B%,1,100,42
1660668433.888484,3161108.000,43206,1,B%,1,100,42
1660668434.887286,3162082.000,43373,1,B%,1,100,42
1660668435.886087,3163056.000,43507,1,B%,1,100,42
1660668436.883863,3164029.000,43673,1,B%,1,100,43
1660668437.883690,3165004.000,43840,1,B%,1,100,42
1660668438.880441,3165976.000,43974,1,B%,1,100,42
1660668439.880268,3166951.000,44139,1,B%,1,100,42
1660668440.877018,3167923.000,44277,1,B%,1,100,42
1660668441.876845,3168898.000,44426,1,B%,1,100,42
1660668442.874621,3169871.000,44592,1,B%,1,100,42
1660668443.871372,3170843.000,44759,1,B%,1,100,42
1660668444.869148,3171816.000,44908,1,B%,1,100,43
1660668445.870000,3172792.000,45064,1,B%,1,100,42
1660668446.865726,3173763.000,45212,1,B%,1,100,42
1660668447.864527,3174737.000,45381,1,B%,1,100,42
1660668448.862303,3175710.000,45529,1,B%,1,100,42
1660668449.863155,3176686.000,45695,1,B%,1,100,42
1660668450.861957,3177660.000,45850,1,B%,1,100,42
1660668451.861784,3178635.000,46015,1,B%,1,100,42
1660668452.860585,3179609.000,46165,1,B%,1,100,42
1660668453.858361,3180582.000,46329,1,B%,1,100,42
1660668454.856137,3181555.000,46478,1,B%,1,100,43
1660668455.853913,3182528.000,46644,1,B%,1,100,43
1660668456.852715,3183502.000,46796,1,B%,1,100,43
1660668457.854593,3184479.000,46944,1,B%,1,100,42
1660668458.849292,3185449.000,47114,1,B%,1,100,42
1660668459.849119,3186424.000,47261,1,B%,1,100,42
1660668460.848946,3187399.000,47427,1,B%,1,100,42
1660668461.847748,3188373.000,47567,1,B%,1,100,43
1660668462.845524,3189346.000,47732,1,B%,1,100,42
1660668463.843300,3190319.000,47879,1,B%,1,100,42
1660668464.840050,3191291.000,48047,1,B%,1,100,41
1660668465.838852,3192265.000,48212,1,B%,1,100,42
1660668466.835602,3193237.000,48351,1,B%,1,100,41
1660668467.836455,3194213.000,48515,1,B%,1,100,41
1660668468.832180,3195184.000,48679,1,B%,1,100,40
1660668469.833032,3196160.000,48830,1,B%,1,100,40
1660668470.828757,3197131.000,48995,1,B%,1,100,42
1660668471.829610,3198107.000,49144,1,B%,1,100,41
1660668472.830462,3199083.000,49299,1,B%,1,100,41
1660668473.827213,3200055.000,49449,1,B%,1,100,41
1660668474.824989,3201028.000,49614,1,B%,1,100,42
1660668475.825841,3202004.000,49765,1,B%,1,100,41
1660668476.823617,3202977.000,49930,1,B%,1,100,41
1660668477.823444,3203952.000,50070,1,B%,1,100,42
1660668478.820194,3204924.000,50240,1,B%,1,100,41
1660668479.821047,3205900.000,50405,1,B%,1,100,41
1660668480.820874,3206875.000,50555,1,B%,1,100,41
1660668481.819675,3207849.000,50719,1,B%,1,100,41
1660668482.818477,3208823.000,50872,1,B%,1,100,41
1660668483.818304,3209798.000,51037,1,B%,1,100,41
1660668484.816080,3210771.000,51187,1,B%,1,100,41
1660668485.813856,3211744.000,51351,1,B%,1,100,41
1660668486.812657,3212718.000,51518,1,B%,1,100,41
1660668487.813510,3213694.000,51659,1,B%,1,100,41
1660668488.811286,3214667.000,51824,1,B%,1,100,41
1660668489.811113,3215642.000,51971,1,B%,1,100,40
1660668490.810940,3216617.000,52139,1,B%,1,100,40
1660668491.809741,3217591.000,52306,1,B%,1,100,41
1660668492.807517,3218564.000,52457,1,B%,1,100,41
1660668493.805293,3219537.000,52609,1,B%,1,100,41
1660668494.802044,3220509.000,52761,1,B%,1,100,41
1660668495.801871,3221484.000,52925,1,B%,1,100,41
1660668496.798621,3222456.000,53090,1,B%,1,100,41
1660668497.797423,3223430.000,53240,1,B%,1,100,41
1660668498.796224,3224404.000,53396,1,B%,1,100,41
1660668499.796051,3225379.000,53548,1,B%,1,100,41
1660668500.791776,3226350.000,53714,1,B%,1,100,41
1660668501.792629,3227326.000,53879,1,B%,1,100,41
1660668502.791430,3228300.000,54031,1,B%,1,100,40
1660668503.789206,3229273.000,54183,1,B%,1,100,41
1660668504.788007,3230247.000,54350,1,B%,1,100,41
1660668505.784758,3231219.000,54499,1,B%,1,100,41
1660668506.782534,3232192.000,54665,1,B%,1,100,41
1660668507.781335,3233166.000,54832,1,B%,1,100,42
1660668508.778086,3234138.000,54971,1,B%,1,100,41
1660668509.779964,3235115.000,55119,1,B%,1,100,41
1660668510.779791,3236090.000,55285,1,B%,1,100,41
1660668511.778592,3237064.000,55452,1,B%,1,100,42
1660668512.775343,3238036.000,55602,1,B%,1,100,42
1660668513.775170,3239011.000,55767,1,B%,1,100,42
1660668514.772946,3239984.000,55921,1,B%,1,100,42
1660668515.770722,3240957.000,56072,1,B%,1,100,41
1660668516.769523,3241931.000,56237,1,B%,1,100,41
1660668517.769350,3242906.000,56385,1,B%,1,100,41
1660668518.767126,3243879.000,56552,1,B%,1,100,41
1660668519.767979,3244855.000,56688,1,B%,1,100,41
1660668520.765755,3245828.000,56855,1,B%,1,100,41
1660668521.766607,3246804.000,57002,1,B%,1,100,41
1660668522.765409,3247778.000,57170,1,B%,1,100,41
1660668523.763185,3248751.000,57335,1,B%,1,100,41
1660668524.759935,3249723.000,57476,1,B%,1,100,41
1660668525.761813,3250700.000,57625,1,B%,1,100,40
1660668526.757538,3251671.000,57791,1,B%,1,100,40
1660668527.754289,3252643.000,57958,1,B%,1,100,41
1660668528.752065,3253616.000,58107,1,B%,1,100,40
1660668529.751892,3254591.000,58265,1,B%,1,100,40
1660668530.751719,3255566.000,58413,1,B%,1,100,40
1660668531.750520,3256540.000,58580,1,B%,1,100,40
1660668532.748296,3257513.000,58729,1,B%,1,100,41
1660668533.746072,3258486.000,58892,1,B%,1,100,41
1660668534.743848,3259459.000,59041,1,B%,1,100,41
1660668535.741624,3260432.000,59198,1,B%,1,100,41
1660668536.740426,3261406.000,59346,1,B%,1,100,41
1660668537.740252,3262381.000,59510,1,B%,1,100,41
1660668538.737003,3263353.000,59677,1,B%,1,100,40
1660668539.735805,3264327.000,59824,1,B%,1,100,40
1660668540.736657,3265303.000,59981,1,B%,1,100,40
1660668541.734433,3266276.000,60146,1,B%,1,100,40
1660668542.731184,3267248.000,60293,1,B%,1,100,40
1660668543.729985,3268222.000,60445,1,B%,1,100,40
1660668544.726735,3269194.000,60610,1,B%,1,100,40
1660668545.726562,3270169.000,60765,1,B%,1,100,40
1660668546.724339,3271142.000,60916,1,B%,1,100,41
1660668547.724165,3272117.000,61083,1,B%,1,100,41
1660668548.720916,3273089.000,61232,1,B%,1,100,41
1660668549.721768,3274065.000,61396,1,B%,1,100,41
1660668550.718519,3275037.000,61567,1,B%,1,100,41
1660668551.720397,3276014.000,61701,1,B%,1,100,41
1660668552.719198,3276988.000,61866,1,B%,1,100,41
1660668553.715949,3277960.000,62033,1,B%,1,100,40
1660668554.712699,3278932.000,62181,1,B%,1,100,40
1660668555.713552,3279908.000,62348,1,B%,1,100,40
1660668556.710302,3280880.000,62485,1,B%,1,100,41
1660668557.707053,3281852.000,62650,1,B%,1,100,41
1660668558.704829,3282825.000,62800,1,B%,1,100,40
1660668559.703630,3283799.000,62965,1,B%,1,100,41
1660668560.702432,3284773.000,63115,1,B%,1,100,41
1660668561.701233,3285747.000,63271,1,B%,1,100,41
1660668562.699009,3286720.000,63421,1,B%,1,100,41
1660668563.696785,3287693.000,63588,1,B%,1,100,41
1660668564.693536,3288665.000,63737,1,B%,1,100,41
1660668565.691312,3289638.000,63904,1,B%,1,100,41
1660668566.690113,3290612.000,64041,1,B%,1,100,40
1660668567.690966,3291588.000,64207,1,B%,1,100,40
1660668568.686691,3292559.000,64371,1,B%,1,100,41
1660668569.687543,3293535.000,64520,1,B%,1,100,40
1660668570.688396,3294511.000,64687,1,B%,1,100,40
1660668571.687197,3295485.000,64846,1,B%,1,100,40
1660668572.683948,3296457.000,64980,1,B%,1,100,40
1660668573.682749,3297431.000,65145,1,B%,1,100,40
1660668574.680525,3298404.000,65296,1,B%,1,100,40
1660668575.680352,3299379.000,65462,1,B%,1,100,40
1660668576.678128,3300352.000,93,1,B%,1,100,40
1660668577.677955,3301327.000,251,1,B%,1,100,40
1660668578.675731,3302300.000,401,1,B%,1,100,40
1660668579.675558,3303275.000,550,1,B%,1,100,40
1660668580.672308,3304247.000,717,1,B%,1,100,41
1660668581.673161,3305223.000,884,1,B%,1,100,41
1660668582.672988,3306198.000,1039,1,B%,1,100,40
1660668583.668713,3307169.000,1204,1,B%,1,100,40
1660668584.666489,3308142.000,1354,1,B%,1,100,40
1660668585.666316,3309117.000,1521,1,B%,1,100,40
1660668586.663066,3310089.000,1687,1,B%,1,100,40
1660668587.662893,3311064.000,1825,1,B%,1,100,39
1660668588.659644,3312036.000,1993,1,B%,1,100,39
1660668589.659471,3313011.000,2160,1,B%,1,100,40
1660668590.657247,3313984.000,2308,1,B%,1,100,41
1660668591.656048,3314958.000,2477,1,B%,1,100,41
1660668592.653824,3315931.000,2646,1,B%,1,100,40
1660668593.650575,3316903.000,2799,1,B%,1,100,39
1660668594.648351,3317876.000,2947,1,B%,1,100,40
1660668595.644076,3318847.000,3111,1,B%,1,100,40
1660668596.642878,3319821.000,3279,1,B%,1,100,40
1660668597.643730,3320797.000,3430,1,B%,1,100,40
1660668598.638430,3321767.000,3584,1,B%,1,100,40
1660668599.638257,3322742.000,3748,1,B%,1,100,40
1660668600.637058,3323716.000,3917,1,B%,1,100,40
1660668601.636885,3324691.000,4065,1,B%,1,100,40
1660668602.633636,3325663.000,4231,1,B%,1,100,40
1660668603.632437,3326637.000,4367,1,B%,1,100,40
1660668604.630213,3327610.000,4535,1,B%,1,100,40
1660668605.630040,3328585.000,4700,1,B%,1,100,40
1660668606.626791,3329557.000,4849,1,B%,1,100,40
1660668607.626617,3330532.000,5014,1,B%,1,100,40
1660668608.623368,3331504.000,5171,1,B%,1,100,40
1660668609.624220,3332480.000,5337,1,B%,1,100,40
1660668610.619946,3333451.000,5488,1,B%,1,100,39
1660668611.620798,3334427.000,5652,1,B%,1,100,40
1660668612.621650,3335403.000,5817,1,B%,1,100,41
1660668613.617375,3336374.000,5966,1,B%,1,100,41
1660668614.616177,3337348.000,6119,1,B%,1,100,40
1660668615.616004,3338323.000,6269,1,B%,1,100,39
1660668616.613780,3339296.000,6423,1,B%,1,100,39
1660668617.612581,3340270.000,6587,1,B%,1,100,39
1660668618.609332,3341242.000,6737,1,B%,1,100,40
1660668619.609159,3342217.000,6911,1,B%,1,100,40
1660668620.607960,3343191.000,7062,1,B%,1,100,40
1660668621.606762,3344165.000,7227,1,B%,1,100,40
1660668622.604538,3345138.000,7375,1,B%,1,100,40
1660668623.604365,3346113.000,7522,1,B%,1,100,40
1660668624.602141,3347086.000,7692,1,B%,1,100,39
1660668625.598891,3348058.000,7844,1,B%,1,100,39
1660668626.596667,3349031.000,7992,1,B%,1,100,40
1660668627.597520,3350007.000,8160,1,B%,1,100,40
1660668628.593245,3350978.000,8308,1,B%,1,100,40
1660668629.594097,3351954.000,8464,1,B%,1,100,40
1660668630.594949,3352930.000,8551,1,B%,1,100,39
1660668631.593751,3353904.000,8716,1,B%,1,100,39
1660668632.592552,3354878.000,8864,1,B%,1,100,39
1660668633.590328,3355851.000,9028,1,B%,1,100,39
1660668634.588104,3356824.000,9193,1,B%,1,100,39
1660668635.587931,3357799.000,9350,1,B%,1,100,40
1660668636.584682,3358771.000,9499,1,B%,1,100,40
1660668637.584509,3359746.000,9665,1,B%,1,100,40
1660668638.583310,3360720.000,9829,1,B%,1,100,39
1660668639.583137,3361695.000,9979,1,B%,1,100,39
1660668640.579888,3362667.000,10149,1,B%,1,100,40
1660668641.580740,3363643.000,10300,1,B%,1,100,40
1660668642.580567,3364618.000,10465,1,B%,1,100,40
1660668643.578343,3365591.000,10615,1,B%,1,100,39
1660668644.576119,3366564.000,10780,1,B%,1,100,40
1660668645.575946,3367539.000,10936,1,B%,1,100,40
1660668646.573722,3368512.000,11103,1,B%,1,100,40
1660668647.573549,3369487.000,11270,1,B%,1,100,40
1660668648.570300,3370459.000,11418,1,B%,1,100,39
1660668649.571152,3371435.000,11583,1,B%,1,100,39
1660668650.569954,3372409.000,11736,1,B%,1,100,39
1660668651.569781,3373384.000,11903,1,B%,1,100,39
1660668652.566531,3374356.000,12053,1,B%,1,100,39
1660668653.567384,3375332.000,12220,1,B%,1,100,39
1660668654.564134,3376304.000,12370,1,B%,1,100,40
1660668655.560884,3377276.000,12534,1,B%,1,100,40
1660668656.559686,3378250.000,12688,1,B%,1,100,39
1660668657.559513,3379225.000,12856,1,B%,1,100,38
1660668658.557289,3380198.000,13023,1,B%,1,100,39
1660668659.558141,3381174.000,13172,1,B%,1,100,39
1660668660.555918,3382147.000,13339,1,B%,1,100,39
1660668661.555744,3383122.000,13494,1,B%,1,100,39
1660668662.553520,3384095.000,13659,1,B%,1,100,39
1660668663.551296,3385068.000,13807,1,B%,1,100,39
1660668664.550098,3386042.000,13975,1,B%,1,100,39
1660668665.550950,3387018.000,14144,1,B%,1,100,39
1660668666.547701,3387990.000,14297,1,B%,1,100,39
1660668667.546502,3388964.000,14447,1,B%,1,100,39
1660668668.545304,3389938.000,14613,1,B%,1,100,39
1660668669.546156,3390914.000,14778,1,B%,1,100,39
1660668670.542907,3391886.000,14927,1,B%,1,100,40
1660668671.543759,3392862.000,15097,1,B%,1,100,39
1660668672.543586,3393837.000,15246,1,B%,1,100,39
1660668673.542387,3394811.000,15410,1,B%,1,100,39
1660668674.540164,3395784.000,15577,1,B%,1,100,39
1660668675.537940,3396757.000,15725,1,B%,1,100,39
1660668676.535716,3397730.000,15892,1,B%,1,100,39
1660668677.534517,3398704.000,16048,1,B%,1,100,39
1660668678.531268,3399676.000,16213,1,B%,1,100,39
1660668679.533145,3400653.000,16380,1,B%,1,100,39
1660668680.531947,3401627.000,16528,1,B%,1,100,39
1660668681.530748,3402601.000,16693,1,B%,1,100,39
1660668682.527499,3403573.000,16849,1,B%,1,100,39
1660668683.526300,3404547.000,17014,1,B%,1,100,39
1660668684.523051,3405519.000,17162,1,B%,1,100,39
1660668685.519802,3406491.000,17311,1,B%,1,100,39
1660668686.517578,3407464.000,17476,1,B%,1,100,38
1660668687.517405,3408439.000,17632,1,B%,1,100,39
1660668688.514155,3409411.000,17781,1,B%,1,100,39
1660668689.513982,3410386.000,17945,1,B%,1,100,39
1660668690.510733,3411358.000,18110,1,B%,1,100,38
1660668691.509534,3412332.000,18257,1,B%,1,100,39
1660668692.507310,3413305.000,18430,1,B%,1,100,39
1660668693.504061,3414277.000,18579,1,B%,1,100,39
1660668694.502862,3415251.000,18744,1,B%,1,100,39
1660668695.503715,3416227.000,18909,1,B%,1,100,39
1660668696.499439,3417198.000,19057,1,B%,1,100,38
1660668697.498241,3418172.000,19222,1,B%,1,100,39
1660668698.496017,3419145.000,19376,1,B%,1,100,39
1660668699.495844,3420120.000,19543,1,B%,1,100,39
1660668700.494646,3421094.000,19691,1,B%,1,100,38
1660668701.495498,3422070.000,19857,1,B%,1,100,39
1660668702.494299,3423044.000,20021,1,B%,1,100,40
1660668703.492075,3424017.000,20179,1,B%,1,100,40
1660668704.490877,3424991.000,20326,1,B%,1,100,39
1660668705.487628,3425963.000,20490,1,B%,1,100,38
1660668706.486429,3426937.000,20657,1,B%,1,100,39
1660668707.485230,3427911.000,20806,1,B%,1,100,39
1660668708.481981,3428883.000,20978,1,B%,1,100,39
1660668709.481808,3429858.000,21126,1,B%,1,100,39
1660668710.482660,3430834.000,21291,1,B%,1,100,39
1660668711.480436,3431807.000,21456,1,B%,1,100,39
1660668712.477187,3432779.000,21605,1,B%,1,100,39
1660668713.477014,3433754.000,21779,1,B%,1,100,39
1660668714.473764,3434726.000,21911,1,B%,1,100,39
1660668715.474617,3435702.000,22059,1,B%,1,100,38
1660668716.471367,3436674.000,22227,1,B%,1,100,39
1660668717.472220,3437650.000,22392,1,B%,1,100,38
1660668718.468970,3438622.000,22540,1,B%,1,100,39
1660668719.468797,3439597.000,22712,1,B%,1,100,38
1660668720.466573,3440570.000,22865,1,B%,1,100,39
1660668721.466400,3441545.000,23014,1,B%,1,100,38
1660668722.464176,3442518.000,23163,1,B%,1,100,39
1660668723.460927,3443490.000,23330,1,B%,1,100,38
1660668724.458703,3444463.000,23483,1,B%,1,100,39
1660668725.459555,3445439.000,23634,1,B%,1,100,38
1660668726.455280,3446410.000,23799,1,B%,1,100,38
1660668727.452031,3447382.000,23948,1,B%,1,100,38
1660668728.449807,3448355.000,24114,1,B%,1,100,38
1660668729.449634,3449330.000,24270,1,B%,1,100,38
1660668730.450486,3450306.000,24418,1,B%,1,100,38
1660668731.450313,3451281.000,24568,1,B%,1,100,38
1660668732.449115,3452255.000,24734,1,B%,1,100,38
1660668733.447916,3453229.000,24899,1,B%,1,100,38
1660668734.446718,3454203.000,25054,1,B%,1,100,39
1660668735.444494,3455176.000,25204,1,B%,1,100,38
1660668736.442270,3456149.000,25337,1,B%,1,100,39
1660668737.442096,3457124.000,25456,1,B%,1,100,38
1660668738.437821,3458095.000,25621,1,B%,1,100,39
1660668739.437649,3459070.000,25769,1,B%,1,100,39
1660668740.438501,3460046.000,25942,1,B%,1,100,39
1660668741.436277,3461019.000,26090,1,B%,1,100,38
1660668742.432002,3461990.000,26257,1,B%,1,100,38
1660668743.430804,3462964.000,26405,1,B%,1,100,38
1660668744.427554,3463936.000,26571,1,B%,1,100,38
1660668745.427381,3464911.000,26724,1,B%,1,100,38
1660668746.425157,3465884.000,26893,1,B%,1,100,38
1660668747.423958,3466858.000,27058,1,B%,1,100,39
1660668748.421734,3467831.000,27209,1,B%,1,100,38
1660668749.421561,3468806.000,27375,1,B%,1,100,38
1660668750.419337,3469779.000,27515,1,B%,1,100,38
1660668751.419164,3470754.000,27681,1,B%,1,100,38
1660668752.417966,3471728.000,27830,1,B%,1,100,38
1660668753.414716,3472700.000,27994,1,B%,1,100,38
1660668754.412492,3473673.000,28165,1,B%,1,100,38
1660668755.413345,3474649.000,28313,1,B%,1,100,38
1660668756.409070,3475620.000,28485,1,B%,1,100,38
1660668757.406846,3476593.000,28636,1,B%,1,100,38
1660668758.404622,3477566.000,28801,1,B%,1,100,38
1660668759.404449,3478541.000,28966,1,B%,1,100,38
1660668760.404276,3479516.000,29116,1,B%,1,100,38
1660668761.404103,3480491.000,29286,1,B%,1,100,38
1660668762.402904,3481465.000,29437,1,B%,1,100,38
1660668763.401706,3482439.000,29603,1,B%,1,100,38
1660668764.400507,3483413.000,29767,1,B%,1,100,38
1660668765.398283,3484386.000,29917,1,B%,1,100,38
1660668766.396059,3485359.000,30059,1,B%,1,100,38
1660668767.395886,3486334.000,30225,1,B%,1,100,38
1660668768.391611,3487305.000,30392,1,B%,1,100,38
1660668769.391438,3488280.000,30542,1,B%,1,100,38
1660668770.392291,3489256.000,30707,1,B%,1,100,37
1660668771.390067,3490229.000,30864,1,B%,1,100,38
1660668772.385792,3491200.000,31033,1,B%,1,100,38
1660668773.385618,3492175.000,31183,1,B%,1,100,38
1660668774.382369,3493147.000,31350,1,B%,1,100,38
1660668775.383222,3494123.000,31501,1,B%,1,100,38
1660668776.380997,3495096.000,31670,1,B%,1,100,38
1660668777.380825,3496071.000,31824,1,B%,1,100,38
1660668778.377575,3497043.000,31990,1,B%,1,100,38
1660668779.378428,3498019.000,32157,1,B%,1,100,38
1660668780.376204,3498992.000,32308,1,B%,1,100,38
1660668781.376030,3499967.000,32475,1,B%,1,100,38
1660668782.373806,3500940.000,32632,1,B%,1,100,38
1660668783.370557,3501912.000,32799,1,B%,1,100,38
1660668784.367307,3502884.000,32947,1,B%,1,100,39
1660668785.368160,3503860.000,33113,1,B%,1,100,38
1660668786.363885,3504831.000,33262,1,B%,1,100,38
1660668787.361661,3505804.000,33419,1,B%,1,100,38
1660668788.360462,3506778.000,33569,1,B%,1,100,38
1660668789.360289,3507753.000,33735,1,B%,1,100,38
1660668790.360116,3508728.000,33900,1,B%,1,100,38
1660668791.359943,3509703.000,34050,1,B%,1,100,37
1660668792.358745,3510677.000,34206,1,B%,1,100,37
1660668793.357546,3511651.000,34354,1,B%,1,100,37
1660668794.355322,3512624.000,34521,1,B%,1,100,37
1660668795.353098,3513597.000,34671,1,B%,1,100,38
1660668796.350874,3514570.000,34837,1,B%,1,100,38
1660668797.351727,3515546.000,35004,1,B%,1,100,37
1660668798.348477,3516518.000,35156,1,B%,1,100,37
1660668799.348304,3517493.000,35307,1,B%,1,100,37
1660668800.349157,3518469.000,35472,1,B%,1,100,37
1660668801.346933,3519442.000,35621,1,B%,1,100,37
1660668802.342658,3520413.000,35787,1,B%,1,100,38
1660668803.341459,3521387.000,35941,1,B%,1,100,38
1660668804.339235,3522360.000,36091,1,B%,1,100,37
1660668805.338037,3523334.000,36254,1,B%,1,100,38
1660668806.335813,3524307.000,36419,1,B%,1,100,37
1660668807.334614,3525281.000,36572,1,B%,1,100,37
1660668808.332390,3526254.000,36729,1,B%,1,100,37
1660668809.332217,3527229.000,36879,1,B%,1,100,37
1660668810.331019,3528203.000,37045,1,B%,1,100,37
1660668811.330846,3529178.000,37210,1,B%,1,100,38
1660668812.329647,3530152.000,37360,1,B%,1,100,37
1660668813.327423,3531125.000,37524,1,B%,1,100,37
1660668814.324173,3532097.000,37664,1,B%,1,100,36
1660668815.325026,3533073.000,37828,1,B%,1,100,37
1660668816.320751,3534044.000,37995,1,B%,1,100,37
1660668817.318527,3535017.000,38143,1,B%,1,100,38
1660668818.316303,3535990.000,38311,1,B%,1,100,38
1660668819.316130,3536965.000,38464,1,B%,1,100,38
1660668820.315957,3537940.000,38614,1,B%,1,100,38
1660668821.315784,3538915.000,38778,1,B%,1,100,38
1660668822.314585,3539889.000,38943,1,B%,1,100,37
1660668823.313387,3540863.000,39093,1,B%,1,100,37
1660668824.311163,3541836.000,39233,1,B%,1,100,37
1660668825.309964,3542810.000,39399,1,B%,1,100,37
1660668826.307740,3543783.000,39549,1,B%,1,100,37
1660668827.308593,3544759.000,39715,1,B%,1,100,37
1660668828.305343,3545731.000,39864,1,B%,1,100,36
1660668829.305170,3546706.000,40019,1,B%,1,100,37
1660668830.306023,3547682.000,40167,1,B%,1,100,36
1660668831.303799,3548655.000,40331,1,B%,1,100,37
1660668832.300549,3549627.000,40500,1,B%,1,100,36
1660668833.299351,3550601.000,40648,1,B%,1,100,37
1660668834.298152,3551575.000,40815,1,B%,1,100,37
1660668835.296954,3552549.000,40971,1,B%,1,100,36
1660668836.294730,3553522.000,41120,1,B%,1,100,36
1660668837.293531,3554496.000,41285,1,B%,1,100,36
1660668838.290282,3555468.000,41432,1,B%,1,100,37
1660668839.290109,3556443.000,41600,1,B%,1,100,37
1660668840.286859,3557415.000,41742,1,B%,1,100,36
1660668841.287712,3558391.000,41906,1,B%,1,100,36
1660668842.286513,3559365.000,42057,1,B%,1,100,37
1660668843.284289,3560338.000,42222,1,B%,1,100,37
1660668844.282065,3561311.000,42387,1,B%,1,100,37
1660668845.283943,3562288.000,42527,1,B%,1,100,38
1660668846.280694,3563260.000,42692,1,B%,1,100,37
1660668847.279495,3564234.000,42840,1,B%,1,100,37
1660668848.278296,3565208.000,43007,1,B%,1,100,37
1660668849.279149,3566184.000,43172,1,B%,1,100,38
1660668850.277950,3567158.000,43328,1,B%,1,100,38
1660668851.277777,3568133.000,43476,1,B%,1,100,36
1660668852.275553,3569106.000,43641,1,B%,1,100,37
1660668853.273329,3570079.000,43791,1,B%,1,100,38
1660668854.271105,3571052.000,43959,1,B%,1,100,38
1660668855.268881,3572025.000,44126,1,B%,1,100,38
1660668856.267683,3572999.000,44265,1,B%,1,100,38
1660668857.266484,3573973.000,44430,1,B%,1,100,37
1660668858.263235,3574945.000,44579,1,B%,1,100,37
1660668859.262036,3575919.000,44743,1,B%,1,100,37
1660668860.263914,3576896.000,44908,1,B%,1,100,36
1660668861.261690,3577869.000,45045,1,B%,1,100,37
1660668862.258441,3578841.000,45212,1,B%,1,100,37
1660668863.257242,3579815.000,45361,1,B%,1,100,36
1660668864.255018,3580788.000,45511,1,B%,1,100,36
1660668865.254845,3581763.000,45676,1,B%,1,100,36
1660668866.251596,3582735.000,45834,1,B%,1,100,36
1660668867.251423,3583710.000,45985,1,B%,1,100,36
1660668868.248173,3584682.000,46150,1,B%,1,100,37
1660668869.248000,3585657.000,46299,1,B%,1,100,36
1660668870.244751,3586629.000,46467,1,B%,1,100,36
1660668871.245603,3587605.000,46638,1,B%,1,100,36
1660668872.245430,3588580.000,46772,1,B%,1,100,37
1660668873.242181,3589552.000,46939,1,B%,1,100,36
1660668874.239957,3590525.000,47087,1,B%,1,100,36
1660668875.240809,3591501.000,47254,1,B%,1,100,37
1660668876.237560,3592473.000,47404,1,B%,1,100,37
1660668877.236361,3593447.000,47557,1,B%,1,100,37
1660668878.234137,3594420.000,47725,1,B%,1,100,37
1660668879.233964,3595395.000,47892,1,B%,1,100,37
1660668880.232765,3596369.000,48041,1,B%,1,100,37
1660668881.232592,3597344.000,48206,1,B%,1,100,37
1660668882.230368,3598317.000,48344,1,B%,1,100,37
1660668883.229170,3599291.000,48510,1,B%,1,100,37
1660668884.227971,3600265.000,48675,1,B%,1,100,36
1660668885.225747,3601238.000,48825,1,B%,1,100,36
1660668886.225574,3602213.000,48990,1,B%,1,100,36
1660668887.227452,3603190.000,49144,1,B%,1,100,36
1660668888.223177,3604161.000,49292,1,B%,1,100,36
1660668889.223004,3605136.000,49459,1,B%,1,100,37
1660668890.223857,3606112.000,49610,1,B%,1,100,36
1660668891.223684,3607087.000,49773,1,B%,1,100,36
1660668892.221460,3608060.000,49940,1,B%,1,100,36
1660668893.219236,3609033.000,50079,1,B%,1,100,37
1660668894.218037,3610007.000,50246,1,B%,1,100,36
1660668895.217864,3610982.000,50413,1,B%,1,100,36
1660668896.214615,3611954.000,50561,1,B%,1,100,36
1660668897.214442,3612929.000,50728,1,B%,1,100,35
1660668898.211192,3613901.000,50869,1,B%,1,100,36
1660668899.212044,3614877.000,51034,1,B%,1,100,36
1660668900.207770,3615848.000,51185,1,B%,1,100,36
1660668901.208622,3616824.000,51350,1,B%,1,100,36
1660668902.209474,3617800.000,51498,1,B%,1,100,37
1660668903.205199,3618771.000,51652,1,B%,1,100,36
1660668904.204001,3619745.000,51804,1,B%,1,100,36
1660668905.203828,3620720.000,51968,1,B%,1,100,36
1660668906.201604,3621693.000,52135,1,B%,1,100,36
1660668907.200405,3622667.000,52282,1,B%,1,100,36
1660668908.197156,3623639.000,52448,1,B%,1,100,35
1660668909.196983,3624614.000,52600,1,B%,1,100,36
1660668910.195784,3625588.000,52767,1,B%,1,100,36
1660668911.194586,3626562.000,52915,1,B%,1,100,36
1660668912.193387,3627536.000,53082,1,B%,1,100,36
1660668913.192189,3628510.000,53247,1,B%,1,100,36
1660668914.189965,3629483.000,53384,1,B%,1,100,36
1660668915.186715,3630455.000,53551,1,B%,1,100,36
1660668916.185517,3631429.000,53700,1,B%,1,100,36
1660668917.186369,3632405.000,53863,1,B%,1,100,36
1660668918.183120,3633377.000,54030,1,B%,1,100,37
1660668919.181921,3634351.000,54167,1,B%,1,100,36
1660668920.181748,3635326.000,54332,1,B%,1,100,36
1660668921.180550,3636300.000,54480,1,B%,1,100,36
1660668922.178326,3637273.000,54645,1,B%,1,100,36
1660668923.176102,3638246.000,54795,1,B%,1,100,36
1660668924.172852,3639218.000,54950,1,B%,1,100,36
1660668925.172679,3640193.000,55098,1,B%,1,100,36
1660668926.168404,3641164.000,55265,1,B%,1,100,36
1660668927.168231,3642139.000,55415,1,B%,1,100,36
1660668928.166007,3643112.000,55583,1,B%,1,100,36
1660668929.164809,3644086.000,55748,1,B%,1,100,36
1660668930.160534,3645057.000,55887,1,B%,1,100,36
1660668931.160361,3646032.000,56052,1,B%,1,100,36
1660668932.159162,3647006.000,56203,1,B%,1,100,36
1660668933.156938,3647979.000,56367,1,B%,1,100,36
1660668934.154714,3648952.000,56531,1,B%,1,100,36
1660668935.153516,3649926.000,56671,1,B%,1,100,35
1660668936.150266,3650898.000,56837,1,B%,1,100,36
1660668937.149068,3651872.000,57002,1,B%,1,100,35
1660668938.144793,3652843.000,57150,1,B%,1,100,35
1660668939.144620,3653818.000,57317,1,B%,1,100,36
1660668940.143421,3654792.000,57454,1,B%,1,100,35
1660668941.142223,3655766.000,57619,1,B%,1,100,35
1660668942.138973,3656738.000,57772,1,B%,1,100,36
1660668943.139826,3657714.000,57939,1,B%,1,100,36
1660668944.137602,3658687.000,58088,1,B%,1,100,36
1660668945.133327,3659658.000,58260,1,B%,1,100,36
1660668946.132128,3660632.000,58394,1,B%,1,100,35
1660668947.131955,3661607.000,58559,1,B%,1,100,35
1660668948.129731,3662580.000,58707,1,B%,1,100,35
1660668949.129558,3663555.000,58870,1,B%,1,100,36
1660668950.127334,3664528.000,59037,1,B%,1,100,36
1660668951.127161,3665503.000,59175,1,B%,1,100,36
1660668952.123912,3666475.000,59326,1,B%,1,100,36
1660668953.121688,3667448.000,59489,1,B%,1,100,36
1660668954.119464,3668421.000,59654,1,B%,1,100,36
1660668955.120316,3669397.000,59805,1,B%,1,100,35
1660668956.117067,3670369.000,59946,1,B%,1,100,36
1660668957.114843,3671342.000,60110,1,B%,1,100,36
1660668958.113644,3672316.000,60275,1,B%,1,100,36
1660668959.113471,3673291.000,60426,1,B%,1,100,36
1660668960.110222,3674263.000,60591,1,B%,1,100,36
1660668961.110049,3675238.000,60732,1,B%,1,100,35
1660668962.109875,3676213.000,60897,1,B%,1,100,35
1660668963.107651,3677186.000,61045,1,B%,1,100,35
1660668964.105428,3678159.000,61215,1,B%,1,100,35
1660668965.103204,3679132.000,61380,1,B%,1,100,36
1660668966.100980,3680105.000,61536,1,B%,1,100,35
1660668967.099781,3681079.000,61668,1,B%,1,100,36
1660668968.096532,3682051.000,61833,1,B%,1,100,36
1660668969.097384,3683027.000,61985,1,B%,1,100,35
1660668970.097211,3684002.000,62133,1,B%,1,100,35
1660668971.094987,3684975.000,62299,1,B%,1,100,36
1660668972.092763,3685948.000,62457,1,B%,1,100,36
1660668973.091564,3686922.000,62605,1,B%,1,100,36
1660668974.090366,3687896.000,62772,1,B%,1,100,35
1660668975.089167,3688870.000,62920,1,B%,1,100,36
1660668976.087969,3689844.000,63086,1,B%,1,100,35
1660668977.087796,3690819.000,63241,1,B%,1,100,35
1660668978.085572,3691792.000,63406,1,B%,1,100,36
1660668979.086424,3692768.000,63556,1,B%,1,100,35
1660668980.084200,3693741.000,63722,1,B%,1,100,35
1660668981.085052,3694717.000,63887,1,B%,1,100,35
1660668982.083854,3695691.000,64027,1,B%,1,100,35
1660668983.081630,3696664.000,64195,1,B%,1,100,35
1660668984.079406,3697637.000,64345,1,B%,1,100,34
1660668985.081284,3698614.000,64509,1,B%,1,100,34
1660668986.077009,3699585.000,64674,1,B%,1,100,34
1660668987.075810,3700559.000,64822,1,B%,1,100,35
1660668988.074612,3701533.000,64979,1,B%,1,100,35
1660668989.074439,3702508.000,65127,1,B%,1,100,35
1660668990.075291,3703484.000,65294,1,B%,1,100,35
1660668991.075118,3704459.000,65443,1,B%,1,100,35
1660668992.073920,3705433.000,72,1,B%,1,100,35
1660668993.072721,3706407.000,228,1,B%,1,100,34
1660668994.070497,3707380.000,380,1,B%,1,100,34
1660668995.068273,3708353.000,545,1,B%,1,100,33
1660668996.066049,3709326.000,693,1,B%,1,100,33
1660668997.066902,3710302.000,857,1,B%,1,100,33
1660668998.063652,3711274.000,1010,1,B%,1,100,33
1660668999.063479,3712249.000,1175,1,B%,1,100,34
1660669000.064332,3713225.000,1324,1,B%,1,100,34
1660669001.063133,3714199.000,1487,1,B%,1,100,35
1660669002.059884,3715171.000,1654,1,B%,1,100,35
1660669003.059711,3716146.000,1805,1,B%,1,100,35
1660669004.058512,3717120.000,1957,1,B%,1,100,35
1660669005.058339,3718095.000,2123,1,B%,1,100,35
1660669006.056115,3719068.000,2288,1,B%,1,100,35
1660669007.055942,3720043.000,2440,1,B%,1,100,35
1660669008.052692,3721015.000,2605,1,B%,1,100,35
1660669009.053545,3721991.000,2761,1,B%,1,100,34
1660669010.050295,3722963.000,2926,1,B%,1,100,34
1660669011.052173,3723940.000,3093,1,B%,1,100,35
1660669012.052000,3724915.000,3243,1,B%,1,100,35
1660669013.048751,3725887.000,3410,1,B%,1,100,35
1660669014.046527,3726860.000,3564,1,B%,1,100,35
1660669015.046354,3727835.000,3731,1,B%,1,100,34
1660669016.044130,3728808.000,3880,1,B%,1,100,34
1660669017.042931,3729782.000,4046,1,B%,1,100,33
1660669018.040707,3730755.000,4194,1,B%,1,100,33
1660669019.040534,3731730.000,4347,1,B%,1,100,33
1660669020.039336,3732704.000,4514,1,B%,1,100,33
1660669021.039163,3733679.000,4664,1,B%,1,100,33
1660669022.037964,3734653.000,4829,1,B%,1,100,33
1660669023.035740,3735626.000,4979,1,B%,1,100,33
1660669024.034542,3736600.000,5148,1,B%,1,100,32
1660669025.030267,3737571.000,5313,1,B%,1,100,32
1660669026.029068,3738545.000,5463,1,B%,1,100,32
1660669027.030946,3739522.000,5626,1,B%,1,100,32
1660669028.025646,3740492.000,5793,1,B%,1,100,32
1660669029.025473,3741467.000,5942,1,B%,1,100,32
1660669030.025300,3742442.000,6112,1,B%,1,100,32
1660669031.024101,3743416.000,6260,1,B%,1,100,32
1660669032.021877,3744389.000,6427,1,B%,1,100,32
1660669033.019653,3745362.000,6576,1,B%,1,100,32
1660669034.017429,3746335.000,6741,1,B%,1,100,32
1660669035.016231,3747309.000,6913,1,B%,1,100,32
1660669036.012981,3748281.000,7061,1,B%,1,100,32
1660669037.011783,3749255.000,7226,1,B%,1,100,32
1660669038.009558,3750228.000,7376,1,B%,1,100,32
1660669039.009386,3751203.000,7526,1,B%,1,100,32
1660669040.005111,3752174.000,7699,1,B%,1,100,31
1660669041.005963,3753150.000,7866,1,B%,1,100,31
1660669042.004765,3754124.000,8015,1,B%,1,100,31
1660669043.002541,3755097.000,8182,1,B%,1,100,31
1660669043.999291,3756069.000,8331,1,B%,1,100,31
1660669044.999118,3757044.000,8506,1,B%,1,100,32
1660669045.995868,3758016.000,8655,1,B%,1,100,32
1660669046.995695,3758991.000,8821,1,B%,1,100,31
1660669047.992446,3759963.000,8985,1,B%,1,100,31
1660669048.993298,3760939.000,9135,1,B%,1,100,31
1660669049.993125,3761914.000,9300,1,B%,1,100,31
1660669050.991927,3762888.000,9453,1,B%,1,100,31
1660669051.988677,3763860.000,9623,1,B%,1,100,32
1660669052.988504,3764835.000,9792,1,B%,1,100,31
1660669053.985255,3765807.000,9942,1,B%,1,100,31
1660669054.980980,3766778.000,10107,1,B%,1,100,31
1660669055.979781,3767752.000,10261,1,B%,1,100,31
1660669056.980634,3768728.000,10430,1,B%,1,100,31
1660669057.977384,3769700.000,10577,1,B%,1,100,31
1660669058.978237,3770676.000,10741,1,B%,1,100,31
1660669059.973962,3771647.000,10908,1,B%,1,100,31
1660669060.973789,3772622.000,11061,1,B%,1,100,31
1660669061.971565,3773595.000,11229,1,B%,1,100,31
1660669062.969341,3774568.000,11396,1,B%,1,100,31
1660669063.968142,3775542.000,11546,1,B%,1,100,31
1660669064.968995,3776518.000,11711,1,B%,1,100,31
1660669065.965745,3777490.000,11865,1,B%,1,100,31
1660669066.965572,3778465.000,12032,1,B%,1,100,31
1660669067.964374,3779439.000,12180,1,B%,1,100,31
1660669068.965226,3780415.000,12346,1,B%,1,100,31
1660669069.961977,3781387.000,12497,1,B%,1,100,31
1660669070.962829,3782363.000,12661,1,B%,1,100,31
1660669071.961631,3783337.000,12831,1,B%,1,100,31
1660669072.960432,3784311.000,12980,1,B%,1,100,31
1660669073.958208,3785284.000,13131,1,B%,1,100,30
1660669074.954959,3786256.000,13298,1,B%,1,100,30
1660669075.953760,3787230.000,13446,1,B%,1,100,31
1660669076.953587,3788205.000,13614,1,B%,1,100,31
1660669077.949312,3789176.000,13781,1,B%,1,100,31
1660669078.949139,3790151.000,13930,1,B%,1,100,31
1660669079.948966,3791126.000,14095,1,B%,1,100,31
1660669080.946742,3792099.000,14262,1,B%,1,100,31
1660669081.943492,3793071.000,14417,1,B%,1,100,30
1660669082.943320,3794046.000,14584,1,B%,1,100,31
1660669083.940070,3795018.000,14732,1,B%,1,100,31
1660669084.939897,3795993.000,14902,1,B%,1,100,30
1660669085.937673,3796966.000,15049,1,B%,1,100,31
1660669086.936474,3797940.000,15213,1,B%,1,100,31
1660669087.933225,3798912.000,15370,1,B%,1,100,30
1660669088.933052,3799887.000,15534,1,B%,1,100,31
1660669089.929802,3800859.000,15701,1,B%,1,100,31
1660669090.930655,3801835.000,15851,1,B%,1,100,31
1660669091.930482,3802810.000,16016,1,B%,1,100,30
1660669092.927232,3803782.000,16170,1,B%,1,100,30
1660669093.925008,3804755.000,16337,1,B%,1,100,30
1660669094.924835,3805730.000,16487,1,B%,1,100,30
1660669095.922611,3806703.000,16652,1,B%,1,100,30
1660669096.920387,3807676.000,16817,1,B%,1,100,30
1660669097.917138,3808648.000,16973,1,B%,1,100,30
1660669098.916965,3809623.000,17138,1,B%,1,100,30
1660669099.914741,3810596.000,17288,1,B%,1,100,30
1660669100.913542,3811570.000,17451,1,B%,1,100,30
1660669101.912344,3812544.000,17618,1,B%,1,100,30
1660669102.911145,3813518.000,17774,1,B%,1,100,30
1660669103.908921,3814491.000,17922,1,B%,1,100,30
1660669104.906697,3815464.000,18088,1,B%,1,100,30
1660669105.905499,3816438.000,18252,1,B%,1,100,30
1660669106.906351,3817414.000,18403,1,B%,1,100,30
1660669107.903102,3818386.000,18570,1,B%,1,100,30
1660669108.902929,3819361.000,18725,1,B%,1,100,30
1660669109.901730,3820335.000,18892,1,B%,1,100,30
1660669110.901557,3821310.000,19041,1,B%,1,100,30
1660669111.899333,3822283.000,19210,1,B%,1,100,30
1660669112.897109,3823256.000,19360,1,B%,1,100,30
1660669113.895911,3824230.000,19534,1,B%,1,100,30
1660669114.895738,3825205.000,19683,1,B%,1,100,30
1660669115.892488,3826177.000,19850,1,B%,1,100,30
1660669116.890264,3827150.000,19999,1,B%,1,100,30
1660669117.889066,3828124.000,20163,1,B%,1,100,30
1660669118.889918,3829100.000,20321,1,B%,1,100,30
1660669119.888720,3830074.000,20468,1,B%,1,100,30
1660669120.888546,3831049.000,20634,1,B%,1,100,30
1660669121.887348,3832023.000,20788,1,B%,1,100,30
1660669122.885124,3832996.000,20955,1,B%,1,100,30
1660669123.881875,3833968.000,21060,1,B%,1,100,30
1660669124.879650,3834941.000,21212,1,B%,1,100,30
1660669125.877426,3835914.000,21378,1,B%,1,100,30
1660669126.877253,3836889.000,21545,1,B%,1,100,30
1660669127.874004,3837861.000,21694,1,B%,1,100,30
1660669128.872805,3838835.000,21860,1,B%,1,100,30
1660669129.872632,3839810.000,22010,1,B%,1,100,30
1660669130.871434,3840784.000,22175,1,B%,1,100,30
1660669131.868184,3841756.000,22326,1,B%,1,100,30
1660669132.866986,3842730.000,22493,1,B%,1,100,29
1660669133.864762,3843703.000,22642,1,B%,1,100,30
1660669134.864589,3844678.000,22811,1,B%,1,100,30
1660669135.862365,3845651.000,22963,1,B%,1,100,29
1660669136.861166,3846625.000,23127,1,B%,1,100,29
1660669137.856891,3847596.000,23298,1,B%,1,100,30
1660669138.857744,3848572.000,23446,1,B%,1,100,30
1660669139.853469,3849543.000,23607,1,B%,1,100,30
1660669140.854321,3850519.000,23771,1,B%,1,100,30
1660669141.855174,3851495.000,23938,1,B%,1,100,30
1660669142.851924,3852467.000,24086,1,B%,1,100,30
1660669143.849700,3853440.000,24237,1,B%,1,100,30
1660669144.849527,3854415.000,24390,1,B%,1,100,30
1660669145.846278,3855387.000,24555,1,B%,1,100,30
1660669146.845079,3856361.000,24708,1,B%,1,100,30
1660669147.842855,3857334.000,24873,1,B%,1,100,30
1660669148.843708,3858310.000,25020,1,B%,1,100,30
1660669149.843535,3859285.000,25188,1,B%,1,100,30
1660669150.842336,3860259.000,25345,1,B%,1,100,30
1660669151.839087,3861231.000,25495,1,B%,1,100,29
1660669152.838914,3862206.000,25663,1,B%,1,100,29
1660669153.837715,3863180.000,25812,1,B%,1,100,29
1660669154.834466,3864152.000,25979,1,B%,1,100,29
1660669155.833267,3865126.000,26134,1,B%,1,100,29
1660669156.835145,3866103.000,26299,1,B%,1,100,29
1660669157.831896,3867075.000,26450,1,B%,1,100,29
1660669158.831722,3868050.000,26602,1,B%,1,100,29
1660669159.829499,3869023.000,26739,1,B%,1,100,29
1660669160.829325,3869998.000,26894,1,B%,1,100,29
1660669161.828127,3870972.000,27059,1,B%,1,100,29
1660669162.825903,3871945.000,27208,1,B%,1,100,29
1660669163.823679,3872918.000,27375,1,B%,1,100,29
1660669164.824531,3873894.000,27542,1,B%,1,100,29
1660669165.820256,3874865.000,27697,1,B%,1,100,29
1660669166.819058,3875839.000,27866,1,B%,1,100,29
1660669167.816834,3876812.000,28019,1,B%,1,100,29
1660669168.815635,3877786.000,28186,1,B%,1,100,29
1660669169.815462,3878761.000,28334,1,B%,1,100,29
1660669170.815289,3879736.000,28499,1,B%,1,100,29
1660669171.813065,3880709.000,28657,1,B%,1,100,29
1660669172.811867,3881683.000,28822,1,B%,1,100,29
1660669173.809643,3882656.000,28970,1,B%,1,100,29
1660669174.806393,3883628.000,29141,1,B%,1,100,29
1660669175.805195,3884602.000,29289,1,B%,1,100,29
1660669176.807073,3885579.000,29460,1,B%,1,100,29
1660669177.801772,3886549.000,29610,1,B%,1,100,29
1660669178.802625,3887525.000,29775,1,B%,1,100,29
1660669179.803477,3888501.000,29928,1,B%,1,100,29
1660669180.802279,3889475.000,30091,1,B%,1,100,29
1660669181.800055,3890448.000,30247,1,B%,1,100,29
1660669182.797831,3891421.000,30415,1,B%,1,100,29
1660669183.795607,3892394.000,30567,1,B%,1,100,28
1660669184.796459,3893370.000,30733,1,B%,1,100,29
1660669185.794235,3894343.000,30898,1,B%,1,100,28
1660669186.793036,3895317.000,31057,1,B%,1,100,28
1660669187.791838,3896291.000,31224,1,B%,1,100,28
1660669188.791665,3897266.000,31375,1,B%,1,100,28
1660669189.787390,3898237.000,31540,1,B%,1,100,29
1660669190.788242,3899213.000,31687,1,B%,1,100,29
1660669191.788069,3900188.000,31855,1,B%,1,100,29
1660669192.785845,3901161.000,32013,1,B%,1,100,29
1660669193.783621,3902134.000,32182,1,B%,1,100,29
1660669194.781397,3903107.000,32329,1,B%,1,100,29
1660669195.779173,3904080.000,32499,1,B%,1,100,29
1660669196.779000,3905055.000,32651,1,B%,1,100,29
1660669197.775751,3906027.000,32824,1,B%,1,100,29
1660669198.775578,3907002.000,32997,1,B%,1,100,29
1660669199.775405,3907977.000,33145,1,B%,1,100,29
1660669200.773181,3908950.000,33310,1,B%,1,100,29
1660669201.769931,3909922.000,33461,1,B%,1,100,29
1660669202.769758,3910897.000,33621,1,B%,1,100,29
1660669203.767534,3911870.000,33771,1,B%,1,100,29
1660669204.767361,3912845.000,33936,1,B%,1,100,29
1660669205.764112,3913817.000,34109,1,B%,1,100,29
1660669206.762913,3914791.000,34260,1,B%,1,100,29
1660669207.760689,3915764.000,34432,1,B%,1,100,29
1660669208.761542,3916740.000,34580,1,B%,1,100,29
1660669209.757267,3917711.000,34729,1,B%,1,100,28
1660669210.758119,3918687.000,34896,1,B%,1,100,28
1660669211.757946,3919662.000,35065,1,B%,1,100,29
1660669212.753671,3920633.000,35215,1,B%,1,100,29
1660669213.752473,3921607.000,35377,1,B%,1,100,28
1660669214.753325,3922583.000,35544,1,B%,1,100,28
1660669215.750076,3923555.000,35690,1,B%,1,100,29
1660669216.748877,3924529.000,35841,1,B%,1,100,29
1660669217.745628,3925501.000,36006,1,B%,1,100,29
1660669218.745455,3926476.000,36164,1,B%,1,100,29
1660669219.746307,3927452.000,36314,1,B%,1,100,29
1660669220.746134,3928427.000,36478,1,B%,1,100,29
1660669221.742884,3929399.000,36647,1,B%,1,100,29
1660669222.742711,3930374.000,36795,1,B%,1,100,29
1660669223.739462,3931346.000,36951,1,B%,1,100,28
1660669224.736212,3932318.000,37118,1,B%,1,100,28
1660669225.733989,3933291.000,37267,1,B%,1,100,29
1660669226.734841,3934267.000,37431,1,B%,1,100,28
1660669227.731591,3935239.000,37600,1,B%,1,100,28
1660669228.732444,3936215.000,37750,1,B%,1,100,28
1660669229.730220,3937188.000,37909,1,B%,1,100,28
1660669230.731072,3938164.000,38076,1,B%,1,100,28
1660669231.728848,3939137.000,38225,1,B%,1,100,28
1660669232.725599,3940109.000,38389,1,B%,1,100,28
1660669233.723375,3941082.000,38556,1,B%,1,100,28
1660669234.725253,3942059.000,38712,1,B%,1,100,28
1660669235.722003,3943031.000,38864,1,B%,1,100,28
1660669236.720805,3944005.000,39031,1,B%,1,100,28
1660669237.718581,3944978.000,39181,1,B%,1,100,28
1660669238.719433,3945954.000,39347,1,B%,1,100,28
1660669239.719260,3946929.000,39500,1,B%,1,100,28
1660669240.719087,3947904.000,39648,1,B%,1,100,28
1660669241.716863,3948877.000,39816,1,B%,1,100,28
1660669242.713614,3949849.000,39981,1,B%,1,100,28
1660669243.712415,3950823.000,40131,1,B%,1,100,28
1660669244.709166,3951795.000,40285,1,B%,1,100,28
1660669245.707967,3952769.000,40438,1,B%,1,100,28
1660669246.709845,3953746.000,40605,1,B%,1,100,28
1660669247.705570,3954717.000,40755,1,B%,1,100,28
1660669248.704371,3955691.000,40922,1,B%,1,100,28
1660669249.703173,3956665.000,41074,1,B%,1,100,28
1660669250.703000,3957640.000,41214,1,B%,1,100,28
1660669251.700776,3958613.000,41383,1,B%,1,100,28
1660669252.698552,3959586.000,41531,1,B%,1,100,28
1660669253.695302,3960558.000,41701,1,B%,1,100,28
1660669254.695129,3961533.000,41866,1,B%,1,100,28
1660669255.691880,3962505.000,42020,1,B%,1,100,28
1660669256.691707,3963480.000,42168,1,B%,1,100,28
1660669257.690508,3964454.000,42335,1,B%,1,100,28
1660669258.690336,3965429.000,42486,1,B%,1,100,28
1660669259.688111,3966402.000,42655,1,B%,1,100,28
1660669260.688964,3967378.000,42792,1,B%,1,100,28
1660669261.687765,3968352.000,42959,1,B%,1,100,28
1660669262.685541,3969325.000,43112,1,B%,1,100,28
1660669263.683317,3970298.000,43281,1,B%,1,100,28
1660669264.681093,3971271.000,43430,1,B%,1,100,27
1660669265.678869,3972244.000,43588,1,B%,1,100,27
1660669266.678696,3973219.000,43754,1,B%,1,100,27
1660669267.675447,3974191.000,43919,1,B%,1,100,28
1660669268.674248,3975165.000,44068,1,B%,1,100,27
1660669269.675101,3976141.000,44236,1,B%,1,100,27
1660669270.673902,3977115.000,44403,1,B%,1,100,27
1660669271.671678,3978088.000,44541,1,B%,1,100,27
1660669272.669454,3979061.000,44705,1,B%,1,100,27
1660669273.666205,3980033.000,44870,1,B%,1,100,28
1660669274.666032,3981008.000,45018,1,B%,1,100,27
1660669275.663808,3981981.000,45186,1,B%,1,100,27
1660669276.664660,3982957.000,45326,1,B%,1,100,27
1660669277.662436,3983930.000,45498,1,B%,1,100,27
1660669278.662263,3984905.000,45665,1,B%,1,100,27
1660669279.660039,3985878.000,45812,1,B%,1,100,27
1660669280.660892,3986854.000,45978,1,B%,1,100,28
1660669281.659693,3987828.000,46134,1,B%,1,100,28
1660669282.657469,3988801.000,46299,1,B%,1,100,27
1660669283.654220,3989773.000,46447,1,B%,1,100,27
1660669284.653021,3990747.000,46614,1,B%,1,100,27
1660669285.650797,3991720.000,46763,1,B%,1,100,27
1660669286.650624,3992695.000,46917,1,B%,1,100,28
1660669287.647375,3993667.000,47065,1,B%,1,100,28
1660669288.648227,3994643.000,47230,1,B%,1,100,27
1660669289.648054,3995618.000,47380,1,B%,1,100,27
1660669290.645830,3996591.000,47546,1,B%,1,100,27
1660669291.642581,3997563.000,47715,1,B%,1,100,27
1660669292.641382,3998537.000,47872,1,B%,1,100,27
1660669293.639158,3999510.000,48023,1,B%,1,100,27
1660669294.640010,4000486.000,48186,1,B%,1,100,27
1660669295.637786,4001459.000,48335,1,B%,1,100,27
1660669296.637613,4002434.000,48503,1,B%,1,100,27
1660669297.634364,4003406.000,48660,1,B%,1,100,27
1660669298.634191,4004381.000,48829,1,B%,1,100,27
1660669299.630941,4005353.000,48977,1,B%,1,100,27
1660669300.632819,4006330.000,49146,1,B%,1,100,27
1660669301.632646,4007305.000,49298,1,B%,1,100,27
1660669302.628371,4008276.000,49452,1,B%,1,100,27
1660669303.626147,4009249.000,49621,1,B%,1,100,27
1660669304.625974,4010224.000,49770,1,B%,1,100,27
1660669305.623750,4011197.000,49939,1,B%,1,100,27
1660669306.621526,4012170.000,50104,1,B%,1,100,27
1660669307.618277,4013142.000,50252,1,B%,1,100,27
1660669308.618104,4014117.000,50406,1,B%,1,100,27
1660669309.617931,4015092.000,50573,1,B%,1,100,27
1660669310.616732,4016066.000,50720,1,B%,1,100,27
1660669311.615534,4017040.000,50886,1,B%,1,100,27
1660669312.614335,4018014.000,51055,1,B%,1,100,27
1660669313.611086,4018986.000,51207,1,B%,1,100,27
1660669314.607836,4019958.000,51355,1,B%,1,100,27
1660669315.606638,4020932.000,51520,1,B%,1,100,27
1660669316.606465,4021907.000,51669,1,B%,1,100,27
1660669317.604241,4022880.000,51838,1,B%,1,100,27
1660669318.604068,4023855.000,51993,1,B%,1,100,27
1660669319.600818,4024827.000,52142,1,B%,1,100,27
1660669320.600645,4025802.000,52309,1,B%,1,100,27
1660669321.598421,4026775.000,52443,1,B%,1,100,27
1660669322.596197,4027748.000,52607,1,B%,1,100,27
1660669323.594999,4028722.000,52761,1,B%,1,100,27
1660669324.595851,4029698.000,52928,1,B%,1,100,27
1660669325.590551,4030668.000,53077,1,B%,1,100,27
1660669326.589352,4031642.000,53242,1,B%,1,100,27
1660669327.588154,4032616.000,53390,1,B%,1,100,27
1660669328.587981,4033591.000,53557,1,B%,1,100,27
1660669329.587807,4034566.000,53709,1,B%,1,100,27
1660669330.586609,4035540.000,53859,1,B%,1,100,27
1660669331.585410,4036514.000,54025,1,B%,1,100,27
1660669332.583186,4037487.000,54190,1,B%,1,100,27
1660669333.579937,4038459.000,54338,1,B%,1,100,27
1660669334.576687,4039431.000,54492,1,B%,1,100,27
1660669335.575489,4040405.000,54657,1,B%,1,100,27
1660669336.577367,4041382.000,54804,1,B%,1,100,27
1660669337.573092,4042353.000,54970,1,B%,1,100,26
1660669338.572919,4043328.000,55135,1,B%,1,100,27
1660669339.572746,4044303.000,55272,1,B%,1,100,27
1660669340.571547,4045277.000,55439,1,B%,1,100,27
1660669341.570349,4046251.000,55607,1,B%,1,100,27
1660669342.568125,4047224.000,55756,1,B%,1,100,27
1660669343.565901,4048197.000,55921,1,B%,1,100,27
1660669344.565728,4049172.000,56068,1,B%,1,100,27
1660669345.562478,4050144.000,56225,1,B%,1,100,27
1660669346.562305,4051119.000,56394,1,B%,1,100,27
1660669347.562132,4052094.000,56546,1,B%,1,100,27
1660669348.561959,4053069.000,56712,1,B%,1,100,27
1660669349.557684,4054040.000,56861,1,B%,1,100,27
1660669350.558537,4055016.000,57016,1,B%,1,100,27
1660669351.557338,4055990.000,57182,1,B%,1,100,27
1660669352.556139,4056964.000,57347,1,B%,1,100,27
1660669353.554941,4057938.000,57500,1,B%,1,100,26
1660669354.552717,4058911.000,57665,1,B%,1,100,26
1660669355.549468,4059883.000,57816,1,B%,1,100,26
1660669356.549294,4060858.000,57967,1,B%,1,100,26
1660669357.546045,4061830.000,58132,1,B%,1,100,26
1660669358.546897,4062806.000,58279,1,B%,1,100,26
1660669359.547750,4063782.000,58449,1,B%,1,100,26
1660669360.545526,4064755.000,58603,1,B%,1,100,26
1660669361.541251,4065726.000,58752,1,B%,1,100,26
1660669362.540052,4066700.000,58921,1,B%,1,100,26
1660669363.537828,4067673.000,59070,1,B%,1,100,26
1660669364.537655,4068648.000,59236,1,B%,1,100,26
1660669365.535431,4069621.000,59401,1,B%,1,100,26
1660669366.534233,4070595.000,59537,1,B%,1,100,26
1660669367.530983,4071567.000,59705,1,B%,1,100,26
1660669368.530810,4072542.000,59870,1,B%,1,100,26
1660669369.528586,4073515.000,60025,1,B%,1,100,26
1660669370.530464,4074492.000,60189,1,B%,1,100,26
1660669371.530291,4075467.000,60345,1,B%,1,100,26
1660669372.526016,4076438.000,60497,1,B%,1,100,26
1660669373.524818,4077412.000,60665,1,B%,1,100,26
1660669374.525670,4078388.000,60830,1,B%,1,100,26
1660669375.522421,4079360.000,60980,1,B%,1,100,26
1660669376.521222,4080334.000,61132,1,B%,1,100,26
1660669377.517973,4081306.000,61297,1,B%,1,100,26
1660669378.517800,4082281.000,61446,1,B%,1,100,26
1660669379.517627,4083256.000,61612,1,B%,1,100,26
1660669380.517453,4084231.000,61777,1,B%,1,100,26
1660669381.514204,4085203.000,61933,1,B%,1,100,26
1660669382.514031,4086178.000,62081,1,B%,1,100,26
1660669383.510782,4087150.000,62248,1,B%,1,100,26
1660669384.507532,4088122.000,62398,1,B%,1,100,26
1660669385.506334,4089096.000,62564,1,B%,1,100,26
1660669386.508211,4090073.000,62731,1,B%,1,100,26
1660669387.504962,4091045.000,62884,1,B%,1,100,26
1660669388.505814,4092021.000,63033,1,B%,1,100,26
1660669389.503590,4092994.000,63198,1,B%,1,100,26
1660669390.504443,4093970.000,63365,1,B%,1,100,26
1660669391.502219,4094943.000,63518,1,B%,1,100,26
1660669392.498969,4095915.000,63658,1,B%,1,100,26
1660669393.496745,4096888.000,63825,1,B%,1,100,26
1660669394.498623,4097865.000,63973,1,B%,1,100,26
1660669395.495374,4098837.000,64140,1,B%,1,100,26
1660669396.493150,4099810.000,64288,1,B%,1,100,26
1660669397.490926,4100783.000,64445,1,B%,1,100,26
1660669398.490753,4101758.000,64610,1,B%,1,100,26
1660669399.490580,4102733.000,64764,1,B%,1,100,25
1660669400.490407,4103708.000,64928,1,B%,1,100,26
1660669401.488183,4104681.000,65093,1,B%,1,100,26
1660669402.485959,4105654.000,65249,1,B%,1,100,26
1660669403.483735,4106627.000,65399,1,B%,1,100,26
1660669404.480485,4107599.000,16,1,B%,1,100,26
1660669405.478261,4108572.000,183,1,B%,1,100,26
1660669406.478088,4109547.000,330,1,B%,1,100,26
1660669407.474839,4110519.000,500,1,B%,1,100,26
1660669408.474666,4111494.000,655,1,B%,1,100,26
1660669409.474493,4112469.000,821,1,B%,1,100,25
1660669410.473294,4113443.000,988,1,B%,1,100,25
1660669411.471070,4114416.000,1138,1,B%,1,100,26
1660669412.467821,4115388.000,1303,1,B%,1,100,25
1660669413.466622,4116362.000,1459,1,B%,1,100,25
1660669414.467475,4117338.000,1623,1,B%,1,100,25
1660669415.464225,4118310.000,1775,1,B%,1,100,26
1660669416.463027,4119284.000,1941,1,B%,1,100,26
1660669417.460803,4120257.000,2108,1,B%,1,100,26
1660669418.460629,4121232.000,2264,1,B%,1,100,26
1660669419.457380,4122204.000,2429,1,B%,1,100,25
1660669420.457207,4123179.000,2581,1,B%,1,100,26
1660669421.456008,4124153.000,2746,1,B%,1,100,26
1660669422.453784,4125126.000,2896,1,B%,1,100,26
1660669423.452586,4126100.000,3069,1,B%,1,100,26
1660669424.451387,4127074.000,3221,1,B%,1,100,26
1660669425.450189,4128048.000,3390,1,B%,1,100,26
1660669426.450016,4129023.000,3539,1,B%,1,100,25
1660669427.445741,4129994.000,3689,1,B%,1,100,25
1660669428.446594,4130970.000,3856,1,B%,1,100,25
1660669429.445395,4131944.000,4011,1,B%,1,100,25
1660669430.444196,4132918.000,4177,1,B%,1,100,25
1660669431.441972,4133891.000,4326,1,B%,1,100,25
1660669432.439748,4134864.000,4490,1,B%,1,100,27
1660669433.436499,4135836.000,4657,1,B%,1,100,27
1660669434.435300,4136810.000,4811,1,B%,1,100,27
1660669435.432051,4137782.000,4978,1,B%,1,100,27
1660669436.432903,4138758.000,5125,1,B%,1,100,28
1660669437.431705,4139732.000,5291,1,B%,1,100,28
1660669438.431532,4140707.000,5458,1,B%,1,100,27
1660669439.427257,4141678.000,5595,1,B%,1,100,28
1660669440.427084,4142653.000,5761,1,B%,1,100,27
1660669441.425885,4143627.000,5928,1,B%,1,100,27
1660669442.424687,4144601.000,6080,1,B%,1,100,27
1660669443.422463,4145574.000,6249,1,B%,1,100,27
1660669444.419213,4146546.000,6397,1,B%,1,100,28
1660669445.416989,4147519.000,6568,1,B%,1,100,28
1660669446.415791,4148493.000,6715,1,B%,1,100,27
1660669447.412541,4149465.000,6885,1,B%,1,100,27
1660669448.413394,4150441.000,7050,1,B%,1,100,28
1660669449.414246,4151417.000,7200,1,B%,1,100,28
1660669450.410997,4152389.000,7354,1,B%,1,100,28
1660669451.407747,4153361.000,7504,1,B%,1,100,28
1660669452.407574,4154336.000,7671,1,B%,1,100,27
1660669453.404325,4155308.000,7819,1,B%,1,100,28
1660669454.403126,4156282.000,7983,1,B%,1,100,27
1660669455.400902,4157255.000,8142,1,B%,1,100,28
1660669456.401755,4158231.000,8306,1,B%,1,100,27
1660669457.398505,4159203.000,8473,1,B%,1,100,28
1660669458.398332,4160178.000,8622,1,B%,1,100,28
1660669459.395083,4161150.000,8789,1,B%,1,100,28
1660669460.395935,4162126.000,8943,1,B%,1,100,26
1660669461.395762,4163101.000,9109,1,B%,1,100,27
1660669462.391487,4164072.000,9242,1,B%,1,100,27
1660669463.389263,4165045.000,9409,1,B%,1,100,27
1660669464.389090,4166020.000,9557,1,B%,1,100,27
1660669465.386866,4166993.000,9722,1,B%,1,100,28
1660669466.386693,4167968.000,9876,1,B%,1,100,27
1660669467.383444,4168940.000,10045,1,B%,1,100,28
1660669468.383271,4169915.000,10192,1,B%,1,100,28
1660669469.382072,4170889.000,10362,1,B%,1,100,28
1660669470.380873,4171863.000,10512,1,B%,1,100,28
1660669471.378649,4172836.000,10667,1,B%,1,100,28
1660669472.379502,4173812.000,10833,1,B%,1,100,27
1660669473.376252,4174784.000,10997,1,B%,1,100,27
1660669474.371978,4175755.000,11145,1,B%,1,100,27
1660669475.370779,4176729.000,11312,1,B%,1,100,27
1660669476.371631,4177705.000,11466,1,B%,1,100,28
1660669477.369407,4178678.000,11631,1,B%,1,100,28
1660669478.370260,4179654.000,11778,1,B%,1,100,28
1660669479.368036,4180627.000,11950,1,B%,1,100,27
1660669480.366837,4181601.000,12115,1,B%,1,100,28
1660669481.364613,4182574.000,12271,1,B%,1,100,28
1660669482.362389,4183547.000,12436,1,B%,1,100,28
1660669483.360165,4184520.000,12588,1,B%,1,100,28
1660669484.362043,4185497.000,12755,1,B%,1,100,27
1660669485.357768,4186468.000,12903,1,B%,1,100,27
1660669486.354519,4187440.000,13067,1,B%,1,100,28
1660669487.352295,4188413.000,13222,1,B%,1,100,28
1660669488.353147,4189389.000,13387,1,B%,1,100,27
1660669489.351949,4190363.000,13552,1,B%,1,100,28
1660669490.350750,4191337.000,13703,1,B%,1,100,28
1660669491.348526,4192310.000,13870,1,B%,1,100,28
1660669492.346302,4193283.000,14023,1,B%,1,100,28
1660669493.343053,4194255.000,14188,1,B%,1,100,28
1660669494.340829,4195228.000,14339,1,B%,1,100,28
1660669495.340656,4196203.000,14504,1,B%,1,100,27
1660669496.342534,4197180.000,14655,1,B%,1,100,27
1660669497.337233,4198150.000,14794,1,B%,1,100,27
1660669498.337060,4199125.000,14963,1,B%,1,100,28
1660669499.336887,4200100.000,15111,1,B%,1,100,28
1660669500.336714,4201075.000,15278,1,B%,1,100,27
1660669501.335515,4202049.000,15426,1,B%,1,100,28
1660669502.333292,4203022.000,15582,1,B%,1,100,28
1660669503.330042,4203994.000,15732,1,B%,1,100,27
1660669504.329869,4204969.000,15899,1,B%,1,100,28
1660669505.326620,4205941.000,16062,1,B%,1,100,27
1660669506.325421,4206915.000,16211,1,B%,1,100,28
1660669507.325248,4207890.000,16378,1,B%,1,100,28
1660669508.325075,4208865.000,16534,1,B%,1,100,28
1660669509.320800,4209836.000,16684,1,B%,1,100,27
1660669510.321652,4210812.000,16848,1,B%,1,100,26
1660669511.321479,4211787.000,17013,1,B%,1,100,27
1660669512.319255,4212760.000,17163,1,B%,1,100,28
1660669513.317031,4213733.000,17318,1,B%,1,100,28
1660669514.314807,4214706.000,17482,1,B%,1,100,27
1660669515.312583,4215679.000,17633,1,B%,1,100,28
1660669516.312410,4216654.000,17797,1,B%,1,100,28
1660669517.309161,4217626.000,17962,1,B%,1,100,27
1660669518.308988,4218601.000,18100,1,B%,1,100,27
1660669519.308815,4219576.000,18267,1,B%,1,100,27
1660669520.306591,4220549.000,18434,1,B%,1,100,27
1660669521.303341,4221521.000,18584,1,B%,1,100,28
1660669522.303168,4222496.000,18749,1,B%,1,100,28
1660669523.300944,4223469.000,18905,1,B%,1,100,28
1660669524.300771,4224444.000,19070,1,B%,1,100,26
1660669525.297522,4225416.000,19218,1,B%,1,100,26
1660669526.297349,4226391.000,19383,1,B%,1,100,26
1660669527.294099,4227363.000,19533,1,B%,1,100,26
1660669528.294952,4228339.000,19699,1,B%,1,100,25
1660669529.289651,4229309.000,19854,1,B%,1,100,25
1660669530.290504,4230285.000,20021,1,B%,1,100,25
1660669531.291356,4231261.000,20170,1,B%,1,100,25
1660669532.288107,4232233.000,20317,1,B%,1,100,24
1660669533.285883,4233206.000,20484,1,B%,1,100,25
1660669534.285710,4234181.000,20654,1,B%,1,100,24
1660669535.282460,4235153.000,20803,1,B%,1,100,24
1660669536.282287,4236128.000,20970,1,B%,1,100,25
1660669537.280063,4237101.000,21118,1,B%,1,100,25
1660669538.280915,4238077.000,21283,1,B%,1,100,25
1660669539.280742,4239052.000,21439,1,B%,1,100,25
1660669540.279544,4240026.000,21602,1,B%,1,100,25
1660669541.276294,4240998.000,21769,1,B%,1,100,25
1660669542.276121,4241973.000,21917,1,B%,1,100,25
1660669543.274923,4242947.000,22084,1,B%,1,100,25
1660669544.272699,4243920.000,22254,1,B%,1,100,24
1660669545.270475,4244893.000,22403,1,B%,1,100,24
1660669546.270302,4245868.000,22568,1,B%,1,100,25
1660669547.267052,4246840.000,22715,1,B%,1,100,25
1660669548.267905,4247816.000,22881,1,B%,1,100,24
1660669549.264655,4248788.000,23046,1,B%,1,100,25
1660669550.265508,4249764.000,23200,1,B%,1,100,24
1660669551.263284,4250737.000,23367,1,B%,1,100,24
1660669552.260034,4251709.000,23515,1,B%,1,100,24
1660669553.256785,4252681.000,23680,1,B%,1,100,25
1660669554.258663,4253658.000,23829,1,B%,1,100,25
1660669555.255413,4254630.000,23999,1,B%,1,100,24
1660669556.252164,4255602.000,24149,1,B%,1,100,24
1660669557.249940,4256575.000,24314,1,B%,1,100,24
1660669558.249767,4257550.000,24465,1,B%,1,100,24
1660669559.249594,4258525.000,24632,1,B%,1,100,24
1660669560.249421,4259500.000,24788,1,B%,1,100,24
1660669561.248222,4260474.000,24938,1,B%,1,100,24
1660669562.245998,4261447.000,25101,1,B%,1,100,24
1660669563.243774,4262420.000,25266,1,B%,1,100,24
1660669564.240525,4263392.000,25417,1,B%,1,100,24
1660669565.238301,4264365.000,25587,1,B%,1,100,24
1660669566.238128,4265340.000,25735,1,B%,1,100,24
1660669567.234878,4266312.000,25900,1,B%,1,100,24
1660669568.234705,4267287.000,26065,1,B%,1,100,24
1660669569.233507,4268261.000,26214,1,B%,1,100,24
1660669570.232308,4269235.000,26362,1,B%,1,100,24
1660669571.231110,4270209.000,26520,1,B%,1,100,24
1660669572.228886,4271182.000,26685,1,B%,1,100,24
1660669573.228713,4272157.000,26834,1,B%,1,100,24
1660669574.228539,4273132.000,26998,1,B%,1,100,24
1660669575.225290,4274104.000,27151,1,B%,1,100,24
1660669576.224092,4275078.000,27321,1,B%,1,100,24
1660669577.221868,4276051.000,27469,1,B%,1,100,23
1660669578.221694,4277026.000,27632,1,B%,1,100,24
1660669579.221522,4278001.000,27799,1,B%,1,100,23
1660669580.220323,4278975.000,27950,1,B%,1,100,24
1660669581.219125,4279949.000,28103,1,B%,1,100,24
1660669582.217926,4280923.000,28240,1,B%,1,100,24
1660669583.215702,4281896.000,28356,1,B%,1,100,23
1660669584.213478,4282869.000,28522,1,B%,1,100,23
1660669585.212279,4283843.000,28687,1,B%,1,100,23
1660669586.212106,4284818.000,28843,1,B%,1,100,23
1660669587.206806,4285788.000,29008,1,B%,1,100,24
1660669588.206633,4286763.000,29156,1,B%,1,100,23
1660669589.205434,4287737.000,29323,1,B%,1,100,23
1660669590.205261,4288712.000,29471,1,B%,1,100,23
1660669591.203037,4289685.000,29637,1,B%,1,100,23
1660669592.200813,4290658.000,29790,1,B%,1,100,23
1660669593.197564,4291630.000,29955,1,B%,1,100,23
1660669594.197391,4292605.000,30104,1,B%,1,100,23
1660669595.194141,4293577.000,30271,1,B%,1,100,24
1660669596.192943,4294551.000,30436,1,B%,1,100,23
1660669597.191744,4295525.000,30589,1,B%,1,100,23
1660669598.191571,4296500.000,30754,1,B%,1,100,24
1660669599.187296,4297471.000,30905,1,B%,1,100,23
1660669600.188149,4298447.000,31070,1,B%,1,100,24
1660669601.186950,4299421.000,31219,1,B%,1,100,23
1660669602.185752,4300395.000,31389,1,B%,1,100,23
1660669603.184553,4301369.000,31555,1,B%,1,100,23
1660669604.182329,4302342.000,31706,1,B%,1,100,24
1660669605.180105,4303315.000,31858,1,B%,1,100,24
1660669606.179932,4304290.000,32025,1,B%,1,100,24
1660669607.176683,4305262.000,32181,1,B%,1,100,24
1660669608.176510,4306237.000,32329,1,B%,1,100,23
1660669609.178388,4307214.000,32496,1,B%,1,100,23
1660669610.177189,4308188.000,32647,1,B%,1,100,23
1660669611.173940,4309160.000,32812,1,B%,1,100,23
1660669612.172741,4310134.000,32961,1,B%,1,100,23
1660669613.169492,4311106.000,33118,1,B%,1,100,23
1660669614.169319,4312081.000,33265,1,B%,1,100,23
1660669615.167094,4313054.000,33433,1,B%,1,100,23
1660669616.165896,4314028.000,33582,1,B%,1,100,23
1660669617.161621,4314999.000,33749,1,B%,1,100,23
1660669618.162473,4315975.000,33871,1,B%,1,100,23
1660669619.158199,4316946.000,34005,1,B%,1,100,22
1660669620.158026,4317921.000,34172,1,B%,1,100,22
1660669621.156827,4318895.000,34321,1,B%,1,100,23
1660669622.154603,4319868.000,34486,1,B%,1,100,23
1660669623.151354,4320840.000,34625,1,B%,1,100,23
1660669624.150155,4321814.000,34791,1,B%,1,100,23
1660669625.147931,4322787.000,34955,1,B%,1,100,23
1660669626.147758,4323762.000,35106,1,B%,1,100,23
1660669627.144509,4324734.000,35273,1,B%,1,100,23
1660669628.145361,4325710.000,35422,1,B%,1,100,23
1660669629.146213,4326686.000,35579,1,B%,1,100,23
1660669630.143989,4327659.000,35744,1,B%,1,100,23
1660669631.140740,4328631.000,35909,1,B%,1,100,23
1660669632.139541,4329605.000,36059,1,B%,1,100,23
1660669633.137317,4330578.000,36226,1,B%,1,100,23
1660669634.137144,4331553.000,36367,1,B%,1,100,23
1660669635.133895,4332525.000,36534,1,B%,1,100,23
1660669636.133722,4333500.000,36682,1,B%,1,100,23
1660669637.130472,4334472.000,36850,1,B%,1,100,23
1660669638.131325,4335448.000,37017,1,B%,1,100,23
1660669639.128075,4336420.000,37156,1,B%,1,100,23
1660669640.128928,4337396.000,37321,1,B%,1,100,23
1660669641.128755,4338371.000,37474,1,B%,1,100,23
1660669642.125505,4339343.000,37641,1,B%,1,100,23
1660669643.122256,4340315.000,37790,1,B%,1,100,23
1660669644.122083,4341290.000,37949,1,B%,1,100,23
1660669645.118833,4342262.000,38116,1,B%,1,100,23
1660669646.117635,4343236.000,38264,1,B%,1,100,22
1660669647.114385,4344208.000,38433,1,B%,1,100,22
1660669648.114212,4345183.000,38598,1,B%,1,100,22
1660669649.114039,4346158.000,38749,1,B%,1,100,23
1660669650.112841,4347132.000,38903,1,B%,1,100,23
1660669651.110617,4348105.000,39069,1,B%,1,100,23
1660669652.111469,4349081.000,39220,1,B%,1,100,22
1660669653.108220,4350053.000,39387,1,B%,1,100,22
1660669654.103945,4351024.000,39535,1,B%,1,100,22
1660669655.102746,4351998.000,39691,1,B%,1,100,22
1660669656.103599,4352974.000,39856,1,B%,1,100,22
1660669657.100349,4353946.000,40003,1,B%,1,100,22
1660669658.100176,4354921.000,40167,1,B%,1,100,22
1660669659.097952,4355894.000,40334,1,B%,1,100,22
1660669660.097779,4356869.000,40472,1,B%,1,100,22
1660669661.096581,4357843.000,40640,1,B%,1,100,22
1660669662.094357,4358816.000,40815,1,B%,1,100,22
1660669663.092133,4359789.000,40964,1,B%,1,100,22
1660669664.094010,4360766.000,41128,1,B%,1,100,22
1660669665.090761,4361738.000,41300,1,B%,1,100,22
1660669666.089562,4362712.000,41431,1,B%,1,100,22
1660669667.087338,4363685.000,41601,1,B%,1,100,22
1660669668.086140,4364659.000,41766,1,B%,1,100,22
1660669669.085967,4365634.000,41916,1,B%,1,100,22
1660669670.085794,4366609.000,42081,1,B%,1,100,22
1660669671.084595,4367583.000,42220,1,B%,1,100,22
1660669672.081346,4368555.000,42390,1,B%,1,100,22
1660669673.079122,4369528.000,42555,1,B%,1,100,22
1660669674.075872,4370500.000,42708,1,B%,1,100,22
1660669675.074674,4371474.000,42855,1,B%,1,100,22
1660669676.075526,4372450.000,43009,1,B%,1,100,22
1660669677.071251,4373421.000,43174,1,B%,1,100,22
1660669678.071078,4374396.000,43339,1,B%,1,100,22
1660669679.070905,4375371.000,43488,1,B%,1,100,22
1660669680.069707,4376345.000,43657,1,B%,1,100,21
1660669681.067483,4377318.000,43810,1,B%,1,100,22
1660669682.064233,4378290.000,43959,1,B%,1,100,22
1660669683.062009,4379263.000,44124,1,B%,1,100,22
1660669684.062862,4380239.000,44272,1,B%,1,100,22
1660669685.059612,4381211.000,44437,1,B%,1,100,22
1660669686.057388,4382184.000,44602,1,B%,1,100,22
1660669687.055164,4383157.000,44740,1,B%,1,100,22
1660669688.054991,4384132.000,44906,1,B%,1,100,22
1660669689.052767,4385105.000,45073,1,B%,1,100,22
1660669690.052594,4386080.000,45226,1,B%,1,100,22
1660669691.051396,4387054.000,45395,1,B%,1,100,22
1660669692.049172,4388027.000,45544,1,B%,1,100,22
1660669693.046948,4389000.000,45709,1,B%,1,100,22
1660669694.044724,4389973.000,45860,1,B%,1,100,22
1660669695.043525,4390947.000,46025,1,B%,1,100,22
1660669696.044378,4391923.000,46172,1,B%,1,100,22
1660669697.040103,4392894.000,46329,1,B%,1,100,22
1660669698.040955,4393870.000,46496,1,B%,1,100,22
1660669699.040782,4394845.000,46645,1,B%,1,100,22
1660669700.039583,4395819.000,46809,1,B%,1,100,22
1660669701.037359,4396792.000,46974,1,B%,1,100,22
1660669702.036161,4397766.000,47131,1,B%,1,100,22
1660669703.033937,4398739.000,47281,1,B%,1,100,22
1660669704.032738,4399713.000,47429,1,B%,1,100,22
1660669705.029489,4400685.000,47597,1,B%,1,100,22
1660669706.029316,4401660.000,47764,1,B%,1,100,22
1660669707.028117,4402634.000,47911,1,B%,1,100,22
1660669708.027944,4403609.000,48062,1,B%,1,100,22
1660669709.024695,4404581.000,48227,1,B%,1,100,22
1660669710.025547,4405557.000,48379,1,B%,1,100,21
1660669711.024349,4406531.000,48527,1,B%,1,100,21
1660669712.023150,4407505.000,48691,1,B%,1,100,21
1660669713.019901,4408477.000,48852,1,B%,1,100,21
1660669714.016651,4409449.000,49001,1,B%,1,100,21
1660669715.014427,4410422.000,49167,1,B%,1,100,21
1660669716.013229,4411396.000,49334,1,B%,1,100,21
1660669717.009979,4412368.000,49483,1,B%,1,100,21
1660669718.010832,4413344.000,49637,1,B%,1,100,21
1660669719.011684,4414320.000,49804,1,B%,1,100,21
1660669720.009460,4415293.000,49952,1,B%,1,100,22
1660669721.006211,4416265.000,50118,1,B%,1,100,21
1660669722.005012,4417239.000,50285,1,B%,1,100,21
1660669723.001763,4418211.000,50433,1,B%,1,100,21
1660669724.001590,4419186.000,50590,1,B%,1,100,21
1660669724.999366,4420159.000,50754,1,B%,1,100,21
1660669725.998167,4421133.000,50902,1,B%,1,100,21
1660669726.994918,4422105.000,51067,1,B%,1,100,21
1660669727.995770,4423081.000,51215,1,B%,1,100,21
1660669728.992521,4424053.000,51372,1,B%,1,100,21
1660669729.993373,4425029.000,51537,1,B%,1,100,21
1660669730.993200,4426004.000,51687,1,B%,1,100,22
1660669731.989951,4426976.000,51853,1,B%,1,100,21
1660669732.987727,4427949.000,52018,1,B%,1,100,21
1660669733.987554,4428924.000,52173,1,B%,1,100,21
1660669734.984304,4429896.000,52321,1,B%,1,100,21
1660669735.983106,4430870.000,52492,1,B%,1,100,21
1660669736.979856,4431842.000,52658,1,B%,1,100,21
1660669737.979683,4432817.000,52806,1,B%,1,100,22
1660669738.979510,4433792.000,52964,1,B%,1,100,21
1660669739.978312,4434766.000,53131,1,B%,1,100,21
1660669740.975062,4435738.000,53279,1,B%,1,100,21
1660669741.973864,4436712.000,53443,1,B%,1,100,21
1660669742.972665,4437686.000,53592,1,B%,1,100,21
1660669743.972492,4438661.000,53756,1,B%,1,100,21
1660669744.969243,4439633.000,53901,1,B%,1,100,21
1660669745.969069,4440608.000,54067,1,B%,1,100,21
1660669746.966846,4441581.000,54231,1,B%,1,100,21
1660669747.966672,4442556.000,54379,1,B%,1,100,21
1660669748.964448,4443529.000,54544,1,B%,1,100,21
1660669749.966326,4444506.000,54682,1,B%,1,100,21
1660669750.966153,4445481.000,54856,1,B%,1,100,21
1660669751.961878,4446452.000,55021,1,B%,1,100,21
1660669752.958629,4447424.000,55169,1,B%,1,100,21
1660669753.959481,4448400.000,55337,1,B%,1,100,21
1660669754.957257,4449373.000,55490,1,B%,1,100,21
1660669755.956059,4450347.000,55638,1,B%,1,100,21
1660669756.952809,4451319.000,55803,1,B%,1,100,21
1660669757.953662,4452295.000,55968,1,B%,1,100,21
1660669758.953489,4453270.000,56119,1,B%,1,100,21
1660669759.952290,4454244.000,56291,1,B%,1,100,21
1660669760.950066,4455217.000,56439,1,B%,1,100,21
1660669761.949893,4456192.000,56588,1,B%,1,100,21
1660669762.946644,4457164.000,56755,1,B%,1,100,21
1660669763.943394,4458136.000,56904,1,B%,1,100,21
1660669764.942196,4459110.000,57074,1,B%,1,100,21
1660669765.943048,4460086.000,57232,1,B%,1,100,21
1660669766.939799,4461058.000,57379,1,B%,1,100,21
1660669767.940651,4462034.000,57545,1,B%,1,100,21
1660669768.938427,4463007.000,57712,1,B%,1,100,21
1660669769.938254,4463982.000,57861,1,B%,1,100,21
1660669770.936030,4464955.000,58015,1,B%,1,100,20
1660669771.933806,4465928.000,58179,1,B%,1,100,21
1660669772.930557,4466900.000,58348,1,B%,1,100,21
1660669773.931409,4467876.000,58497,1,B%,1,100,21
1660669774.928159,4468848.000,58668,1,B%,1,100,21
1660669775.926961,4469822.000,58829,1,B%,1,100,21
1660669776.924737,4470795.000,58980,1,B%,1,100,21
1660669777.924564,4471770.000,59146,1,B%,1,100,21
1660669778.924391,4472745.000,59294,1,B%,1,100,21
1660669779.924218,4473720.000,59460,1,B%,1,100,21
1660669780.921994,4474693.000,59627,1,B%,1,100,20
1660669781.920795,4475667.000,59768,1,B%,1,100,20
1660669782.918571,4476640.000,59934,1,B%,1,100,20
1660669783.915322,4477612.000,60099,1,B%,1,100,20
1660669784.913098,4478585.000,60252,1,B%,1,100,21
1660669785.913950,4479561.000,60421,1,B%,1,100,21
1660669786.911726,4480534.000,60572,1,B%,1,100,21
1660669787.911553,4481509.000,60723,1,B%,1,100,21
1660669788.907278,4482480.000,60888,1,B%,1,100,20
1660669789.907105,4483455.000,61057,1,B%,1,100,20
1660669790.904881,4484428.000,61205,1,B%,1,100,20
1660669791.901632,4485400.000,61347,1,B%,1,100,20
1660669792.899408,4486373.000,61514,1,B%,1,100,20
1660669793.901286,4487350.000,61662,1,B%,1,100,20
1660669794.897011,4488321.000,61827,1,B%,1,100,20
1660669795.894787,4489294.000,61977,1,B%,1,100,20
1660669796.892563,4490267.000,62132,1,B%,1,100,20
1660669797.893415,4491243.000,62279,1,B%,1,100,20
1660669798.892217,4492217.000,62445,1,B%,1,100,20
1660669799.891018,4493191.000,62595,1,B%,1,100,20
1660669800.888794,4494164.000,62761,1,B%,1,100,20
1660669801.886570,4495137.000,62932,1,B%,1,100,20
1660669802.884346,4496110.000,63071,1,B%,1,100,20
1660669803.880071,4497081.000,63240,1,B%,1,100,20
1660669804.878873,4498055.000,63391,1,B%,1,100,20
1660669805.880751,4499032.000,63558,1,B%,1,100,20
1660669806.876476,4500003.000,63708,1,B%,1,100,20
1660669807.875277,4500977.000,63862,1,B%,1,100,20
1660669808.875104,4501952.000,64011,1,B%,1,100,19
1660669809.873906,4502926.000,64176,1,B%,1,100,20
1660669810.871682,4503899.000,64325,1,B%,1,100,20
1660669811.868432,4504871.000,64492,1,B%,1,100,20
1660669812.868259,4505846.000,64651,1,B%,1,100,20
1660669813.868086,4506821.000,64818,1,B%,1,100,20
1660669814.864837,4507793.000,64968,1,B%,1,100,20
1660669815.862613,4508766.000,65135,1,B%,1,100,20
1660669816.860389,4509739.000,65286,1,B%,1,100,19
1660669817.860216,4510714.000,65456,1,B%,1,100,20
1660669818.860043,4511689.000,72,1,B%,1,100,20
1660669819.858844,4512663.000,220,1,B%,1,100,20
1660669820.856620,4513636.000,386,1,B%,1,100,19
1660669821.854396,4514609.000,551,1,B%,1,100,20
1660669822.852172,4515582.000,701,1,B%,1,100,19
1660669823.848923,4516554.000,871,1,B%,1,100,18
1660669824.848750,4517529.000,1020,1,B%,1,100,19
1660669825.850627,4518506.000,1186,1,B%,1,100,19
1660669826.845327,4519476.000,1336,1,B%,1,100,19
1660669827.846179,4520452.000,1500,1,B%,1,100,19
1660669828.847032,4521428.000,1674,1,B%,1,100,20
1660669829.845833,4522402.000,1823,1,B%,1,100,20
1660669830.843609,4523375.000,1988,1,B%,1,100,20
1660669831.842411,4524349.000,2155,1,B%,1,100,20
1660669832.840187,4525322.000,2303,1,B%,1,100,20
1660669833.840014,4526297.000,2475,1,B%,1,100,20
1660669834.836764,4527269.000,2625,1,B%,1,100,19
1660669835.836591,4528244.000,2791,1,B%,1,100,19
1660669836.835393,4529218.000,2956,1,B%,1,100,20
1660669837.835220,4530193.000,3104,1,B%,1,100,20
1660669838.831970,4531165.000,3278,1,B%,1,100,19
1660669839.832823,4532141.000,3429,1,B%,1,100,19
1660669840.831624,4533115.000,3596,1,B%,1,100,20
1660669841.829400,4534088.000,3745,1,B%,1,100,19
1660669842.827176,4535061.000,3911,1,B%,1,100,19
1660669843.824952,4536034.000,4078,1,B%,1,100,19
1660669844.822728,4537007.000,4232,1,B%,1,100,19
1660669845.821530,4537981.000,4399,1,B%,1,100,19
1660669846.818280,4538953.000,4546,1,B%,1,100,19
1660669847.819133,4539929.000,4712,1,B%,1,100,20
1660669848.817934,4540903.000,4883,1,B%,1,100,20
1660669849.816736,4541877.000,5039,1,B%,1,100,20
1660669850.814512,4542850.000,5188,1,B%,1,100,20
1660669851.813313,4543824.000,5352,1,B%,1,100,19
1660669852.811089,4544797.000,5517,1,B%,1,100,19
1660669853.810916,4545772.000,5668,1,B%,1,100,20
1660669854.807667,4546744.000,5838,1,B%,1,100,19
1660669855.808519,4547720.000,5987,1,B%,1,100,19
1660669856.807321,4548694.000,6155,1,B%,1,100,19
1660669857.807148,4549669.000,6320,1,B%,1,100,19
1660669858.802872,4550640.000,6471,1,B%,1,100,19
1660669859.803725,4551616.000,6638,1,B%,1,100,19
1660669860.802526,4552590.000,6793,1,B%,1,100,19
1660669861.801328,4553564.000,6964,1,B%,1,100,19
1660669862.800129,4554538.000,7113,1,B%,1,100,19
1660669863.797905,4555511.000,7279,1,B%,1,100,18
1660669864.795681,4556484.000,7445,1,B%,1,100,19
1660669865.796534,4557460.000,7601,1,B%,1,100,19
1660669866.792259,4558431.000,7751,1,B%,1,100,19
1660669867.792086,4559406.000,7916,1,B%,1,100,19
1660669868.793964,4560383.000,8081,1,B%,1,100,19
1660669869.791740,4561356.000,8232,1,B%,1,100,19
1660669870.787465,4562327.000,8389,1,B%,1,100,18
1660669871.786266,4563301.000,8552,1,B%,1,100,19
1660669872.783017,4564273.000,8719,1,B%,1,100,19
1660669873.781818,4565247.000,8868,1,B%,1,100,19
1660669874.778569,4566219.000,9033,1,B%,1,100,19
1660669875.778396,4567194.000,9188,1,B%,1,100,19
1660669876.776172,4568167.000,9355,1,B%,1,100,18
1660669877.775999,4569142.000,9504,1,B%,1,100,19
1660669878.773775,4570115.000,9671,1,B%,1,100,19
1660669879.773602,4571090.000,9819,1,B%,1,100,19
1660669880.772403,4572064.000,9986,1,B%,1,100,19
1660669881.771205,4573038.000,10142,1,B%,1,100,19
1660669882.770006,4574012.000,10307,1,B%,1,100,18
1660669883.766757,4574984.000,10454,1,B%,1,100,18
1660669884.764533,4575957.000,10620,1,B%,1,100,18
1660669885.764360,4576932.000,10769,1,B%,1,100,19
1660669886.760085,4577903.000,10941,1,B%,1,100,19
1660669887.759912,4578878.000,11089,1,B%,1,100,19
1660669888.761790,4579855.000,11256,1,B%,1,100,19
1660669889.759566,4580828.000,11404,1,B%,1,100,19
1660669890.755291,4581799.000,11570,1,B%,1,100,19
1660669891.755118,4582774.000,11723,1,B%,1,100,19
1660669892.752893,4583747.000,11890,1,B%,1,100,19
1660669893.752721,4584722.000,12057,1,B%,1,100,19
1660669894.750497,4585695.000,12210,1,B%,1,100,19
1660669895.750324,4586670.000,12375,1,B%,1,100,19
1660669896.746048,4587641.000,12528,1,B%,1,100,19
1660669897.746901,4588617.000,12693,1,B%,1,100,19
1660669898.743651,4589589.000,12842,1,B%,1,100,18
1660669899.743479,4590564.000,13011,1,B%,1,100,19
1660669900.743305,4591539.000,13158,1,B%,1,100,18
1660669901.742107,4592513.000,13322,1,B%,1,100,18
1660669902.739883,4593486.000,13477,1,B%,1,100,18
1660669903.738684,4594460.000,13645,1,B%,1,100,18
1660669904.736460,4595433.000,13809,1,B%,1,100,18
1660669905.735262,4596407.000,13957,1,B%,1,100,18
1660669906.732012,4597379.000,14124,1,B%,1,100,18
1660669907.732865,4598355.000,14278,1,B%,1,100,18
1660669908.733717,4599331.000,14449,1,B%,1,100,18
1660669909.731493,4600304.000,14616,1,B%,1,100,18
1660669910.727218,4601275.000,14766,1,B%,1,100,18
1660669911.727045,4602250.000,14931,1,B%,1,100,18
1660669912.723796,4603222.000,15089,1,B%,1,100,18
1660669913.723623,4604197.000,15254,1,B%,1,100,18
1660669914.721399,4605170.000,15403,1,B%,1,100,18
1660669915.721226,4606145.000,15569,1,B%,1,100,18
1660669916.716951,4607116.000,15736,1,B%,1,100,18
1660669917.717803,4608092.000,15874,1,B%,1,100,18
1660669918.713528,4609063.000,16039,1,B%,1,100,18
1660669919.713355,4610038.000,16189,1,B%,1,100,18
1660669920.713182,4611013.000,16340,1,B%,1,100,18
1660669921.711984,4611987.000,16507,1,B%,1,100,18
1660669922.708734,4612959.000,16654,1,B%,1,100,18
1660669923.707536,4613933.000,16823,1,B%,1,100,18
1660669924.705312,4614906.000,16992,1,B%,1,100,18
1660669925.704113,4615880.000,17145,1,B%,1,100,18
1660669926.700864,4616852.000,17312,1,B%,1,100,18
1660669927.701716,4617828.000,17459,1,B%,1,100,18
1660669928.703594,4618805.000,17630,1,B%,1,100,18
1660669929.701370,4619778.000,17779,1,B%,1,100,18
1660669930.697095,4620749.000,17944,1,B%,1,100,18
1660669931.696922,4621724.000,18091,1,B%,1,100,18
1660669932.693673,4622696.000,18257,1,B%,1,100,18
1660669933.693500,4623671.000,18416,1,B%,1,100,18
1660669934.691276,4624644.000,18584,1,B%,1,100,18
1660669935.692128,4625620.000,18749,1,B%,1,100,18
1660669936.687853,4626591.000,18899,1,B%,1,100,18
1660669937.688705,4627567.000,19064,1,B%,1,100,18
1660669938.685456,4628539.000,19220,1,B%,1,100,18
1660669939.685283,4629514.000,19387,1,B%,1,100,18
1660669940.685110,4630489.000,19537,1,B%,1,100,18
1660669941.683911,4631463.000,19702,1,B%,1,100,18
1660669942.680662,4632435.000,19855,1,B%,1,100,18
1660669943.678438,4633408.000,20021,1,B%,1,100,17
1660669944.676214,4634381.000,20177,1,B%,1,100,18
1660669945.675015,4635355.000,20342,1,B%,1,100,18
1660669946.671766,4636327.000,20490,1,B%,1,100,18
1660669947.671593,4637302.000,20656,1,B%,1,100,18
1660669948.673471,4638279.000,20823,1,B%,1,100,18
1660669949.671247,4639252.000,20979,1,B%,1,100,18
1660669950.666972,4640223.000,21145,1,B%,1,100,18
1660669951.666799,4641198.000,21296,1,B%,1,100,18
1660669952.664575,4642171.000,21461,1,B%,1,100,18
1660669953.664402,4643146.000,21609,1,B%,1,100,18
1660669954.662178,4644119.000,21767,1,B%,1,100,18
1660669955.662005,4645094.000,21932,1,B%,1,100,18
1660669956.658755,4646066.000,22080,1,B%,1,100,18
1660669957.659608,4647042.000,22245,1,B%,1,100,17
1660669958.656358,4648014.000,22393,1,B%,1,100,17
1660669959.657211,4648990.000,22564,1,B%,1,100,18
1660669960.657037,4649965.000,22733,1,B%,1,100,18
1660669961.654814,4650938.000,22881,1,B%,1,100,18
1660669962.652590,4651911.000,23048,1,B%,1,100,18
1660669963.650366,4652884.000,23213,1,B%,1,100,18
1660669964.648142,4653857.000,23362,1,B%,1,100,18
1660669965.646943,4654831.000,23534,1,B%,1,100,17
1660669966.642668,4655802.000,23684,1,B%,1,100,17
1660669967.643521,4656778.000,23847,1,B%,1,100,17
1660669968.645398,4657755.000,24012,1,B%,1,100,17
1660669969.643174,4658728.000,24163,1,B%,1,100,17
1660669970.639925,4659700.000,24335,1,B%,1,100,17
1660669971.638726,4660674.000,24482,1,B%,1,100,17
1660669972.635477,4661646.000,24648,1,B%,1,100,17
1660669973.635304,4662621.000,24813,1,B%,1,100,17
1660669974.633080,4663594.000,24962,1,B%,1,100,17
1660669975.633932,4664570.000,25132,1,B%,1,100,17
1660669976.630683,4665542.000,25280,1,B%,1,100,17
1660669977.631535,4666518.000,25449,1,B%,1,100,17
1660669978.627260,4667489.000,25597,1,B%,1,100,17
1660669979.628113,4668465.000,25765,1,B%,1,100,17
1660669980.626914,4669439.000,25935,1,B%,1,100,17
1660669981.625716,4670413.000,26083,1,B%,1,100,17
1660669982.624517,4671387.000,26248,1,B%,1,100,17
1660669983.622293,4672360.000,26417,1,B%,1,100,17
1660669984.620069,4673333.000,26566,1,B%,1,100,17
1660669985.619896,4674308.000,26733,1,B%,1,100,17
1660669986.615621,4675279.000,26890,1,B%,1,100,17
1660669987.615448,4676254.000,27057,1,B%,1,100,17
1660669988.616301,4677230.000,27207,1,B%,1,100,17
1660669989.614077,4678203.000,27363,1,B%,1,100,16
1660669990.609802,4679174.000,27510,1,B%,1,100,16
1660669991.609629,4680149.000,27665,1,B%,1,100,17
1660669992.607405,4681122.000,27817,1,B%,1,100,17
1660669993.607232,4682097.000,27985,1,B%,1,100,17
1660669994.605008,4683070.000,28134,1,B%,1,100,17
1660669995.604835,4684045.000,28298,1,B%,1,100,17
1660669996.600560,4685016.000,28460,1,B%,1,100,17
1660669997.601412,4685992.000,28623,1,B%,1,100,17
1660669998.598163,4686964.000,28775,1,B%,1,100,17
1660669999.597990,4687939.000,28939,1,B%,1,100,17
1660670000.597816,4688914.000,29093,1,B%,1,100,17
1660670001.596618,4689888.000,29265,1,B%,1,100,17
1660670002.594394,4690861.000,29413,1,B%,1,100,16
1660670003.593195,4691835.000,29580,1,B%,1,100,16
1660670004.590971,4692808.000,29731,1,B%,1,100,16
1660670005.589773,4693782.000,29819,1,B%,1,100,16
1660670006.586524,4694754.000,29987,1,B%,1,100,16
1660670007.587376,4695730.000,30157,1,B%,1,100,17
1660670008.589254,4696707.000,30308,1,B%,1,100,17
1660670009.587030,4697680.000,30473,1,B%,1,100,16
1660670010.582755,4698651.000,30622,1,B%,1,100,17
1660670011.582582,4699626.000,30788,1,B%,1,100,17
1660670012.579332,4700598.000,30958,1,B%,1,100,17
1660670013.579159,4701573.000,31109,1,B%,1,100,17
1660670014.576935,4702546.000,31274,1,B%,1,100,17
1660670015.576762,4703521.000,31422,1,B%,1,100,16
1660670016.573513,4704493.000,31587,1,B%,1,100,16
1660670017.574365,4705469.000,31759,1,B%,1,100,17
1660670018.570090,4706440.000,31910,1,B%,1,100,16
1660670019.570943,4707416.000,32075,1,B%,1,100,17
1660670020.569744,4708390.000,32222,1,B%,1,100,17
1660670021.567520,4709363.000,32388,1,B%,1,100,16
1660670022.565296,4710336.000,32558,1,B%,1,100,17
1660670023.563072,4711309.000,32712,1,B%,1,100,19
1660670024.560848,4712282.000,32866,1,B%,1,100,18
1660670025.560675,4713257.000,33014,1,B%,1,100,18
1660670026.557426,4714229.000,33178,1,B%,1,100,18
1660670027.557253,4715204.000,33327,1,B%,1,100,18
1660670028.559130,4716181.000,33483,1,B%,1,100,19
1660670029.556906,4717154.000,33633,1,B%,1,100,19
1660670030.553657,4718126.000,33798,1,B%,1,100,19
1660670031.553484,4719101.000,33946,1,B%,1,100,19
1660670032.549209,4720072.000,34112,1,B%,1,100,19
1660670033.549036,4721047.000,34267,1,B%,1,100,19
1660670034.546812,4722020.000,34434,1,B%,1,100,18
1660670035.546639,4722995.000,34587,1,B%,1,100,18
1660670036.543390,4723967.000,34754,1,B%,1,100,19
1660670037.543216,4724942.000,34904,1,B%,1,100,20
1660670038.540992,4725915.000,35058,1,B%,1,100,20
1660670039.541845,4726891.000,35227,1,B%,1,100,19
1660670040.540646,4727865.000,35375,1,B%,1,100,19
1660670041.539448,4728839.000,35540,1,B%,1,100,20
1660670042.537224,4729812.000,35690,1,B%,1,100,20
1660670043.535000,4730785.000,35856,1,B%,1,100,20
1660670044.532776,4731758.000,35997,1,B%,1,100,20
1660670045.532603,4732733.000,36164,1,B%,1,100,20
1660670046.529353,4733705.000,36314,1,B%,1,100,19
1660670047.529180,4734680.000,36480,1,B%,1,100,19
1660670048.531058,4735657.000,36645,1,B%,1,100,19
1660670049.529860,4736631.000,36783,1,B%,1,100,18
1660670050.525585,4737602.000,36948,1,B%,1,100,19
1660670051.524386,4738576.000,37097,1,B%,1,100,19
1660670052.522162,4739549.000,37264,1,B%,1,100,19
1660670053.520964,4740523.000,37429,1,B%,1,100,19
1660670054.518740,4741496.000,37568,1,B%,1,100,19
1660670055.518567,4742471.000,37732,1,B%,1,100,18
1660670056.516343,4743444.000,37896,1,B%,1,100,18
1660670057.516170,4744419.000,38044,1,B%,1,100,19
1660670058.513946,4745392.000,38211,1,B%,1,100,19
1660670059.513772,4746367.000,38351,1,B%,1,100,20
1660670060.512574,4747341.000,38499,1,B%,1,100,19
1660670061.511376,4748315.000,38664,1,B%,1,100,18
1660670062.509151,4749288.000,38815,1,B%,1,100,18
1660670063.506927,4750261.000,38980,1,B%,1,100,19
1660670064.504704,4751234.000,39130,1,B%,1,100,19
1660670065.504530,4752209.000,39286,1,B%,1,100,20
1660670066.501281,4753181.000,39434,1,B%,1,100,20
1660670067.502134,4754157.000,39598,1,B%,1,100,19
1660670068.502986,4755133.000,39763,1,B%,1,100,19
1660670069.500762,4756106.000,39911,1,B%,1,100,19
1660670070.497513,4757078.000,40052,1,B%,1,100,19
1660670071.497339,4758053.000,40219,1,B%,1,100,19
1660670072.493064,4759024.000,40366,1,B%,1,100,19
1660670073.492891,4759999.000,40531,1,B%,1,100,19
1660670074.490667,4760972.000,40697,1,B%,1,100,20
1660670075.490494,4761947.000,40835,1,B%,1,100,18
1660670076.486219,4762918.000,41000,1,B%,1,100,19
1660670077.487072,4763894.000,41154,1,B%,1,100,19
1660670078.483822,4764866.000,41319,1,B%,1,100,19
1660670079.483649,4765841.000,41468,1,B%,1,100,19
1660670080.482451,4766815.000,41622,1,B%,1,100,19
1660670081.481252,4767789.000,41770,1,B%,1,100,18
1660670082.478003,4768761.000,41937,1,B%,1,100,19
1660670083.476804,4769735.000,42088,1,B%,1,100,19
1660670084.474580,4770708.000,42253,1,B%,1,100,20
1660670085.474407,4771683.000,42422,1,B%,1,100,20
1660670086.471158,4772655.000,42562,1,B%,1,100,20
1660670087.473036,4773632.000,42711,1,B%,1,100,19
1660670088.472863,4774607.000,42878,1,B%,1,100,19
1660670089.469613,4775579.000,43043,1,B%,1,100,19
1660670090.466364,4776551.000,43193,1,B%,1,100,19
1660670091.466191,4777526.000,43347,1,B%,1,100,19
1660670092.462941,4778498.000,43498,1,B%,1,100,19
1660670093.461743,4779472.000,43663,1,B%,1,100,19
1660670094.459519,4780445.000,43812,1,B%,1,100,19
1660670095.460371,4781421.000,43960,1,B%,1,100,19
1660670096.457122,4782393.000,44119,1,B%,1,100,18
1660670097.456949,4783368.000,44286,1,B%,1,100,18
1660670098.454725,4784341.000,44435,1,B%,1,100,19
1660670099.456603,4785318.000,44584,1,B%,1,100,19
1660670100.456429,4786293.000,44735,1,B%,1,100,18
1660670101.452155,4787264.000,44906,1,B%,1,100,19
1660670102.450956,4788238.000,45054,1,B%,1,100,18
1660670103.451808,4789214.000,45205,1,B%,1,100,19
1660670104.448559,4790186.000,45372,1,B%,1,100,19
1660670105.447361,4791160.000,45524,1,B%,1,100,20
1660670106.445137,4792133.000,45691,1,B%,1,100,18
1660670107.445989,4793109.000,45847,1,B%,1,100,17
1660670108.444790,4794083.000,45996,1,B%,1,100,17
1660670109.443592,4795057.000,46165,1,B%,1,100,17
1660670110.441368,4796030.000,46313,1,B%,1,100,16
1660670111.441195,4797005.000,46432,1,B%,1,100,16
1660670112.437945,4797977.000,46536,1,B%,1,100,16
1660670113.434696,4798949.000,46703,1,B%,1,100,16
1660670114.432472,4799922.000,46852,1,B%,1,100,16
1660670115.432299,4800897.000,47017,1,B%,1,100,16
1660670116.430075,4801870.000,47166,1,B%,1,100,16
1660670117.429902,4802845.000,47326,1,B%,1,100,16
1660670118.426652,4803817.000,47491,1,B%,1,100,16
1660670119.426479,4804792.000,47639,1,B%,1,100,16
1660670120.425281,4805766.000,47813,1,B%,1,100,16
1660670121.423057,4806739.000,47978,1,B%,1,100,16
1660670122.418782,4807710.000,48138,1,B%,1,100,16
1660670123.419634,4808686.000,48269,1,B%,1,100,16
1660670124.416385,4809658.000,48435,1,B%,1,100,16
1660670125.415186,4810632.000,48600,1,B%,1,100,16
1660670126.412962,4811605.000,48748,1,B%,1,100,16
1660670127.412789,4812580.000,48914,1,B%,1,100,16
1660670128.410565,4813553.000,49071,1,B%,1,100,15
1660670129.409367,4814527.000,49221,1,B%,1,100,15
1660670130.408168,4815501.000,49386,1,B%,1,100,15
1660670131.405944,4816474.000,49536,1,B%,1,100,15
1660670132.403720,4817447.000,49686,1,B%,1,100,15
1660670133.400471,4818419.000,49845,1,B%,1,100,16
1660670134.399272,4819393.000,50010,1,B%,1,100,16
1660670135.400125,4820369.000,50160,1,B%,1,100,15
1660670136.397901,4821342.000,50328,1,B%,1,100,16
1660670137.397728,4822317.000,50493,1,B%,1,100,15
1660670138.395504,4823290.000,50646,1,B%,1,100,16
1660670139.395331,4824265.000,50795,1,B%,1,100,16
1660670140.393107,4825238.000,50962,1,B%,1,100,16
1660670141.390882,4826211.000,51111,1,B%,1,100,16
1660670142.388659,4827184.000,51277,1,B%,1,100,16
1660670143.388485,4828159.000,51444,1,B%,1,100,15
1660670144.384211,4829130.000,51582,1,B%,1,100,15
1660670145.381987,4830103.000,51746,1,B%,1,100,15
1660670146.379763,4831076.000,51913,1,B%,1,100,15
1660670147.379590,4832051.000,52064,1,B%,1,100,15
1660670148.379416,4833026.000,52231,1,B%,1,100,15
1660670149.378218,4834000.000,52386,1,B%,1,100,15
1660670150.375994,4834973.000,52539,1,B%,1,100,15
1660670151.373770,4835946.000,52705,1,B%,1,100,15
1660670152.371546,4836919.000,52855,1,B%,1,100,15
1660670153.368297,4837891.000,53019,1,B%,1,100,15
1660670154.367098,4838865.000,53177,1,B%,1,100,15
1660670155.367950,4839841.000,53344,1,B%,1,100,15
1660670156.363676,4840812.000,53491,1,B%,1,100,15
1660670157.363503,4841787.000,53657,1,B%,1,100,15
1660670158.363329,4842762.000,53822,1,B%,1,100,15
1660670159.363156,4843737.000,53978,1,B%,1,100,15
1660670160.360932,4844710.000,54132,1,B%,1,100,15
1660670161.358708,4845683.000,54297,1,B%,1,100,15
1660670162.356484,4846656.000,54445,1,B%,1,100,15
1660670163.357337,4847632.000,54609,1,B%,1,100,15
1660670164.354087,4848604.000,54774,1,B%,1,100,15
1660670165.352889,4849578.000,54913,1,B%,1,100,15
1660670166.351690,4850552.000,55078,1,B%,1,100,15
1660670167.352543,4851528.000,55228,1,B%,1,100,15
1660670168.349293,4852500.000,55395,1,B%,1,100,15
1660670169.349120,4853475.000,55545,1,B%,1,100,14
1660670170.347922,4854449.000,55702,1,B%,1,100,14
1660670171.346723,4855423.000,55867,1,B%,1,100,15
1660670172.344499,4856396.000,56017,1,B%,1,100,14
1660670173.342275,4857369.000,56184,1,B%,1,100,14
1660670174.340051,4858342.000,56332,1,B%,1,100,15
1660670175.339878,4859317.000,56485,1,B%,1,100,15
1660670176.336629,4860289.000,56655,1,B%,1,100,15
1660670177.336456,4861264.000,56820,1,B%,1,100,15
1660670178.337308,4862240.000,56971,1,B%,1,100,15
1660670179.336110,4863214.000,57136,1,B%,1,100,15
1660670180.333886,4864187.000,57306,1,B%,1,100,15
1660670181.331661,4865160.000,57454,1,B%,1,100,14
1660670182.330463,4866134.000,57605,1,B%,1,100,14
1660670183.329265,4867108.000,57774,1,B%,1,100,14
1660670184.326015,4868080.000,57925,1,B%,1,100,14
1660670185.326868,4869056.000,58089,1,B%,1,100,14
1660670186.324644,4870029.000,58247,1,B%,1,100,15
1660670187.323445,4871003.000,58396,1,B%,1,100,15
1660670188.320195,4871975.000,58562,1,B%,1,100,14
1660670189.321048,4872951.000,58727,1,B%,1,100,14
1660670190.318824,4873924.000,58880,1,B%,1,100,14
1660670191.316600,4874897.000,59035,1,B%,1,100,14
1660670192.315401,4875871.000,59200,1,B%,1,100,14
1660670193.313177,4876844.000,59350,1,B%,1,100,14
1660670194.309928,4877816.000,59516,1,B%,1,100,14
1660670195.309755,4878791.000,59683,1,B%,1,100,14
1660670196.306505,4879763.000,59838,1,B%,1,100,14
1660670197.306332,4880738.000,59989,1,B%,1,100,14
1660670198.306159,4881713.000,60156,1,B%,1,100,14
1660670199.304961,4882687.000,60321,1,B%,1,100,14
1660670200.301711,4883659.000,60473,1,B%,1,100,14
1660670201.300513,4884633.000,60638,1,B%,1,100,14
1660670202.298289,4885606.000,60792,1,B%,1,100,14
1660670203.298116,4886581.000,60941,1,B%,1,100,14
1660670204.294866,4887553.000,61109,1,B%,1,100,14
1660670205.294693,4888528.000,61274,1,B%,1,100,14
1660670206.292469,4889501.000,61425,1,B%,1,100,14
1660670207.292296,4890476.000,61582,1,B%,1,100,14
1660670208.289047,4891448.000,61733,1,B%,1,100,14
1660670209.288874,4892423.000,61900,1,B%,1,100,15
1660670210.287675,4893397.000,62047,1,B%,1,100,14
1660670211.286477,4894371.000,62211,1,B%,1,100,14
1660670212.283227,4895343.000,62349,1,B%,1,100,15
1660670213.281003,4896316.000,62516,1,B%,1,100,15
1660670214.278779,4897289.000,62666,1,B%,1,100,16
1660670215.278606,4898264.000,62830,1,B%,1,100,16
1660670216.275357,4899236.000,62994,1,B%,1,100,16
1660670217.276209,4900212.000,63136,1,B%,1,100,16
1660670218.276036,4901187.000,63288,1,B%,1,100,17
1660670219.274837,4902161.000,63453,1,B%,1,100,16
1660670220.271588,4903133.000,63604,1,B%,1,100,16
1660670221.270390,4904107.000,63769,1,B%,1,100,17
1660670222.268166,4905080.000,63917,1,B%,1,100,17
1660670223.267992,4906055.000,64071,1,B%,1,100,17
1660670224.265769,4907028.000,64221,1,B%,1,100,17
1660670225.265595,4908003.000,64387,1,B%,1,100,17
1660670226.262346,4908975.000,64554,1,B%,1,100,16
1660670227.263198,4909951.000,64704,1,B%,1,100,16
1660670228.259949,4910923.000,64859,1,B%,1,100,16
1660670229.260802,4911899.000,65016,1,B%,1,100,16
1660670230.260628,4912874.000,65181,1,B%,1,100,16
1660670231.258404,4913847.000,65332,1,B%,1,100,17
1660670232.255155,4914819.000,65500,1,B%,1,100,17
1660670233.253956,4915793.000,120,1,B%,1,100,17
1660670234.251732,4916766.000,285,1,B%,1,100,17
1660670235.250534,4917740.000,452,1,B%,1,100,17
1660670236.247284,4918712.000,602,1,B%,1,100,17
1660670237.248137,4919688.000,752,1,B%,1,100,17
1660670238.247964,4920663.000,906,1,B%,1,100,17
1660670239.244714,4921635.000,1073,1,B%,1,100,16
1660670240.241465,4922607.000,1222,1,B%,1,100,16
1660670241.240266,4923581.000,1389,1,B%,1,100,16
1660670242.237017,4924553.000,1540,1,B%,1,100,17
1660670243.235818,4925527.000,1706,1,B%,1,100,17
1660670244.233594,4926500.000,1862,1,B%,1,100,16
1660670245.233421,4927475.000,2029,1,B%,1,100,16
1660670246.230172,4928447.000,2176,1,B%,1,100,17
1660670247.231024,4929423.000,2342,1,B%,1,100,17
1660670248.226749,4930394.000,2507,1,B%,1,100,17
1660670249.227602,4931370.000,2647,1,B%,1,100,16
1660670250.227429,4932345.000,2814,1,B%,1,100,17
1660670251.224179,4933317.000,2981,1,B%,1,100,17
1660670252.220930,4934289.000,3129,1,B%,1,100,17
1660670253.220757,4935264.000,3294,1,B%,1,100,17
1660670254.218533,4936237.000,3450,1,B%,1,100,17
1660670255.218360,4937212.000,3615,1,B%,1,100,17
1660670256.215110,4938184.000,3763,1,B%,1,100,17
1660670257.215963,4939160.000,3932,1,B%,1,100,17
1660670258.215790,4940135.000,4082,1,B%,1,100,17
1660670259.214591,4941109.000,4255,1,B%,1,100,18
1660670260.211342,4942081.000,4406,1,B%,1,100,18
1660670261.210143,4943055.000,4572,1,B%,1,100,17
1660670262.208945,4944029.000,4737,1,B%,1,100,16
1660670263.207746,4945003.000,4888,1,B%,1,100,16
1660670264.205522,4945976.000,5055,1,B%,1,100,16
1660670265.206374,4946952.000,5208,1,B%,1,100,17
1660670266.204150,4947925.000,5373,1,B%,1,100,17
1660670267.203978,4948900.000,5521,1,B%,1,100,17
1660670268.201753,4949873.000,5689,1,B%,1,100,17
1660670269.203631,4950850.000,5856,1,B%,1,100,17
1660670270.203458,4951825.000,6011,1,B%,1,100,17
1660670271.199183,4952796.000,6159,1,B%,1,100,17
1660670272.195934,4953768.000,6329,1,B%,1,100,17
1660670273.196786,4954744.000,6477,1,B%,1,100,17
1660670274.193537,4955716.000,6642,1,B%,1,100,17
1660670275.193364,4956691.000,6798,1,B%,1,100,16
1660670276.190114,4957663.000,6945,1,B%,1,100,17
1660670277.189941,4958638.000,7109,1,B%,1,100,16
1660670278.189768,4959613.000,7274,1,B%,1,100,16
1660670279.188570,4960587.000,7423,1,B%,1,100,15
1660670280.186346,4961560.000,7579,1,B%,1,100,16
1660670281.187198,4962536.000,7747,1,B%,1,100,16
1660670282.183949,4963508.000,7895,1,B%,1,100,16
1660670283.180699,4964480.000,8059,1,B%,1,100,16
1660670284.179501,4965454.000,8226,1,B%,1,100,16
1660670285.181379,4966431.000,8377,1,B%,1,100,17
1660670286.178129,4967403.000,8547,1,B%,1,100,17
1660670287.177956,4968378.000,8695,1,B%,1,100,16
1660670288.174707,4969350.000,8860,1,B%,1,100,16
1660670289.175559,4970326.000,9027,1,B%,1,100,16
1660670290.173335,4971299.000,9176,1,B%,1,100,15
1660670291.170086,4972271.000,9331,1,B%,1,100,16
1660670292.166836,4973243.000,9480,1,B%,1,100,16
1660670293.168714,4974220.000,9645,1,B%,1,100,17
1660670294.165465,4975192.000,9795,1,B%,1,100,16
1660670295.164266,4976166.000,9960,1,B%,1,100,16
1660670296.162042,4977139.000,10099,1,B%,1,100,16
1660670297.160844,4978113.000,10266,1,B%,1,100,16
1660670298.160671,4979088.000,10431,1,B%,1,100,16
1660670299.160497,4980063.000,10581,1,B%,1,100,16
1660670300.158273,4981036.000,10748,1,B%,1,100,16
1660670301.155024,4982008.000,10904,1,B%,1,100,16
1660670302.153826,4982982.000,11069,1,B%,1,100,16
1660670303.150576,4983954.000,11216,1,B%,1,100,16
1660670304.149378,4984928.000,11384,1,B%,1,100,16
1660670305.149204,4985903.000,11551,1,B%,1,100,17
1660670306.145955,4986875.000,11706,1,B%,1,100,16
1660670307.145782,4987850.000,11878,1,B%,1,100,16
1660670308.145609,4988825.000,12027,1,B%,1,100,16
1660670309.144410,4989799.000,12176,1,B%,1,100,16
1660670310.142186,4990772.000,12341,1,B%,1,100,17
1660670311.138937,4991744.000,12488,1,B%,1,100,16
1660670312.137738,4992718.000,12644,1,B%,1,100,17
1660670313.138591,4993694.000,12808,1,B%,1,100,17
1660670314.135341,4994666.000,12973,1,B%,1,100,17
1660670315.134143,4995640.000,13123,1,B%,1,100,17
1660670316.132944,4996614.000,13288,1,B%,1,100,16
1660670317.133797,4997590.000,13442,1,B%,1,100,16
1660670318.132598,4998564.000,13607,1,B%,1,100,16
1660670319.132425,4999539.000,13755,1,B%,1,100,16
1660670320.131227,5000513.000,13922,1,B%,1,100,16
1660670321.130028,5001487.000,14087,1,B%,1,100,16
1660670322.126779,5002459.000,14241,1,B%,1,100,17
1660670323.124555,5003432.000,14406,1,B%,1,100,17
1660670324.123356,5004406.000,14554,1,B%,1,100,16
1660670325.123183,5005381.000,14720,1,B%,1,100,16
1660670326.117883,5006351.000,14884,1,B%,1,100,16
1660670327.117710,5007326.000,15035,1,B%,1,100,16
1660670328.117537,5008301.000,15189,1,B%,1,100,16
1660670329.117363,5009276.000,15355,1,B%,1,100,16
1660670330.114114,5010248.000,15520,1,B%,1,100,16
1660670331.111890,5011221.000,15669,1,B%,1,100,16
1660670332.109666,5012194.000,15834,1,B%,1,100,16
1660670333.109493,5013169.000,15989,1,B%,1,100,16
1660670334.106244,5014141.000,16154,1,B%,1,100,16
1660670335.106071,5015116.000,16305,1,B%,1,100,16
1660670336.103847,5016089.000,16472,1,B%,1,100,16
1660670337.102648,5017063.000,16620,1,B%,1,100,15
1660670338.098373,5018034.000,16790,1,B%,1,100,16
1660670339.099226,5019010.000,16941,1,B%,1,100,15
1660670340.097002,5019983.000,17108,1,B%,1,100,15
1660670341.094778,5020956.000,17258,1,B%,1,100,14
1660670342.093579,5021930.000,17423,1,B%,1,100,15
1660670343.091355,5022903.000,17579,1,B%,1,100,15
1660670344.089131,5023876.000,17727,1,B%,1,100,15
1660670345.087933,5024850.000,17891,1,B%,1,100,15
1660670346.084683,5025822.000,18058,1,B%,1,100,15
1660670347.085536,5026798.000,18207,1,B%,1,100,15
1660670348.087413,5027775.000,18372,1,B%,1,100,16
1660670349.085189,5028748.000,18527,1,B%,1,100,15
1660670350.080914,5029719.000,18692,1,B%,1,100,16
1660670351.079716,5030693.000,18859,1,B%,1,100,16
1660670352.078517,5031667.000,19010,1,B%,1,100,16
1660670353.078344,5032642.000,19177,1,B%,1,100,16
1660670354.076120,5033615.000,19330,1,B%,1,100,16
1660670355.074922,5034589.000,19497,1,B%,1,100,16
1660670356.071672,5035561.000,19646,1,B%,1,100,16
1660670357.071499,5036536.000,19811,1,B%,1,100,17
1660670358.069275,5037509.000,19958,1,B%,1,100,17
1660670359.071153,5038486.000,20129,1,B%,1,100,16
1660670360.070980,5039461.000,20278,1,B%,1,100,16
1660670361.066705,5040432.000,20442,1,B%,1,100,16
1660670362.063456,5041404.000,20606,1,B%,1,100,16
1660670363.063283,5042379.000,20754,1,B%,1,100,16
1660670364.061059,5043352.000,20911,1,B%,1,100,16
1660670365.061911,5044328.000,21075,1,B%,1,100,16
1660670366.058662,5045300.000,21242,1,B%,1,100,16
1660670367.058489,5046275.000,21392,1,B%,1,100,15
1660670368.057290,5047249.000,21557,1,B%,1,100,14
1660670369.056092,5048223.000,21722,1,B%,1,100,14
1660670370.053868,5049196.000,21874,1,B%,1,100,14
1660670371.054720,5050172.000,22023,1,B%,1,100,13
1660670372.051471,5051144.000,22188,1,B%,1,100,13
1660670373.047196,5052115.000,22336,1,B%,1,100,14
1660670374.045997,5053089.000,22503,1,B%,1,100,14
1660670375.046849,5054065.000,22655,1,B%,1,100,15
1660670376.044626,5055038.000,22822,1,B%,1,100,15
1660670377.045478,5056014.000,22970,1,B%,1,100,15
1660670378.043254,5056987.000,23135,1,B%,1,100,14
1660670379.042055,5057961.000,23300,1,B%,1,100,13
1660670380.039831,5058934.000,23435,1,B%,1,100,14
1660670381.037607,5059907.000,23599,1,B%,1,100,14
1660670382.035383,5060880.000,23764,1,B%,1,100,13
1660670383.037261,5061857.000,23913,1,B%,1,100,13
1660670384.032986,5062828.000,24078,1,B%,1,100,13
1660670385.029737,5063800.000,24246,1,B%,1,100,13
1660670386.027513,5064773.000,24380,1,B%,1,100,13
1660670387.028365,5065749.000,24546,1,B%,1,100,13
1660670388.028192,5066724.000,24710,1,B%,1,100,12
1660670389.028019,5067699.000,24858,1,B%,1,100,12
1660670390.025795,5068672.000,25025,1,B%,1,100,13
1660670391.023571,5069645.000,25179,1,B%,1,100,13
1660670392.021347,5070618.000,25344,1,B%,1,100,13
1660670393.019123,5071591.000,25491,1,B%,1,100,13
1660670394.018950,5072566.000,25657,1,B%,1,100,13
1660670395.019803,5073542.000,25824,1,B%,1,100,12
1660670396.014502,5074512.000,25978,1,B%,1,100,13
1660670397.015355,5075488.000,26143,1,B%,1,100,13
1660670398.015182,5076463.000,26290,1,B%,1,100,13
1660670399.013983,5077437.000,26456,1,B%,1,100,13
1660670400.011759,5078410.000,26623,1,B%,1,100,12
1660670401.010561,5079384.000,26777,1,B%,1,100,12
1660670402.008337,5080357.000,26942,1,B%,1,100,12
1660670403.008163,5081332.000,27090,1,B%,1,100,12
1660670404.004914,5082304.000,27255,1,B%,1,100,12
1660670405.002690,5083277.000,27420,1,B%,1,100,13
1660670406.001492,5084251.000,27573,1,B%,1,100,12
1660670407.002344,5085227.000,27743,1,B%,1,100,13
1660670408.000120,5086200.000,27891,1,B%,1,100,12
1660670408.999947,5087175.000,28056,1,B%,1,100,12
1660670409.998748,5088149.000,28204,1,B%,1,100,12
1660670410.997550,5089123.000,28368,1,B%,1,100,13
1660670411.995326,5090096.000,28524,1,B%,1,100,13
1660670412.992076,5091068.000,28688,1,B%,1,100,12
1660670413.989852,5092041.000,28853,1,B%,1,100,12
1660670414.988654,5093015.000,29004,1,B%,1,100,12
1660670415.985404,5093987.000,29169,1,B%,1,100,12
1660670416.984206,5094961.000,29324,1,B%,1,100,12
1660670417.984033,5095936.000,29493,1,B%,1,100,12
1660670418.982834,5096910.000,29658,1,B%,1,100,12
1660670419.979585,5097882.000,29809,1,B%,1,100,12
1660670420.978386,5098856.000,29976,1,B%,1,100,12
1660670421.975137,5099828.000,30129,1,B%,1,100,12
1660670422.973938,5100802.000,30277,1,B%,1,100,11
1660670423.971714,5101775.000,30447,1,B%,1,100,12
1660670424.971541,5102750.000,30612,1,B%,1,100,12
1660670425.969317,5103723.000,30761,1,B%,1,100,11
1660670426.969144,5104698.000,30929,1,B%,1,100,12
1660670427.966920,5105671.000,31083,1,B%,1,100,12
1660670428.967773,5106647.000,31248,1,B%,1,100,12
1660670429.966574,5107621.000,31399,1,B%,1,100,12
1660670430.965376,5108595.000,31567,1,B%,1,100,11
1660670431.964177,5109569.000,31736,1,B%,1,100,12
1660670432.961953,5110542.000,31892,1,B%,1,100,12
1660670433.959729,5111515.000,32059,1,B%,1,100,12
1660670434.959556,5112490.000,32208,1,B%,1,100,12
1660670435.956307,5113462.000,32374,1,B%,1,100,12
1660670436.957159,5114438.000,32539,1,B%,1,100,12
1660670437.956986,5115413.000,32694,1,B%,1,100,12
1660670438.953737,5116385.000,32861,1,B%,1,100,12
1660670439.950487,5117357.000,33009,1,B%,1,100,12
1660670440.949289,5118331.000,33176,1,B%,1,100,12
1660670441.947065,5119304.000,33325,1,B%,1,100,12
1660670442.946892,5120279.000,33481,1,B%,1,100,12
1660670443.944668,5121252.000,33633,1,B%,1,100,11
1660670444.944494,5122227.000,33798,1,B%,1,100,12
1660670445.941245,5123199.000,33946,1,B%,1,100,11
1660670446.941072,5124174.000,34094,1,B%,1,100,11
1660670447.937823,5125146.000,34261,1,B%,1,100,11
1660670448.938675,5126122.000,34400,1,B%,1,100,12
1660670449.938502,5127097.000,34567,1,B%,1,100,12
1660670450.935252,5128069.000,34718,1,B%,1,100,12
1660670451.933028,5129042.000,34885,1,B%,1,100,12
1660670452.932855,5130017.000,35050,1,B%,1,100,12
1660670453.929606,5130989.000,35186,1,B%,1,100,12
1660670454.928407,5131963.000,35354,1,B%,1,100,12
1660670455.926183,5132936.000,35523,1,B%,1,100,11
1660670456.926010,5133911.000,35671,1,B%,1,100,11
1660670457.925837,5134886.000,35838,1,B%,1,100,11
1660670458.924639,5135860.000,35976,1,B%,1,100,11
1660670459.922415,5136833.000,36142,1,B%,1,100,11
1660670460.922242,5137808.000,36307,1,B%,1,100,11
1660670461.920018,5138781.000,36456,1,B%,1,100,11
1660670462.917794,5139754.000,36621,1,B%,1,100,11
1660670463.916595,5140728.000,36768,1,B%,1,100,11
1660670464.917448,5141704.000,36924,1,B%,1,100,11
1660670465.914198,5142676.000,37090,1,B%,1,100,11
1660670466.914025,5143651.000,37255,1,B%,1,100,11
1660670467.910776,5144623.000,37405,1,B%,1,100,11
1660670468.911628,5145599.000,37571,1,B%,1,100,11
1660670469.909404,5146572.000,37726,1,B%,1,100,11
1660670470.907180,5147545.000,37874,1,B%,1,100,12
1660670471.905982,5148519.000,38039,1,B%,1,100,11
1660670472.905808,5149494.000,38187,1,B%,1,100,11
1660670473.902559,5150466.000,38353,1,B%,1,100,11
1660670474.902386,5151441.000,38510,1,B%,1,100,11
1660670475.899137,5152413.000,38675,1,B%,1,100,11
1660670476.898963,5153388.000,38824,1,B%,1,100,11
1660670477.897765,5154362.000,38991,1,B%,1,100,11
1660670478.896566,5155336.000,39138,1,B%,1,100,11
1660670479.895368,5156310.000,39293,1,B%,1,100,11
1660670480.895195,5157285.000,39459,1,B%,1,100,11
1660670481.891945,5158257.000,39607,1,B%,1,100,11
1660670482.888696,5159229.000,39773,1,B%,1,100,11
1660670483.887497,5160203.000,39928,1,B%,1,100,11
1660670484.886299,5161177.000,40093,1,B%,1,100,11
1660670485.883049,5162149.000,40236,1,B%,1,100,11
1660670486.883902,5163125.000,40402,1,B%,1,100,11
1660670487.881678,5164098.000,40553,1,B%,1,100,11
1660670488.880479,5165072.000,40719,1,B%,1,100,11
1660670489.878255,5166045.000,40866,1,B%,1,100,11
1660670490.876031,5167018.000,41021,1,B%,1,100,11
1660670491.872782,5167990.000,41186,1,B%,1,100,11
1660670492.873634,5168966.000,41337,1,B%,1,100,11
1660670493.869359,5169937.000,41486,1,B%,1,100,11
1660670494.867136,5170910.000,41654,1,B%,1,100,10
1660670495.864912,5171883.000,41810,1,B%,1,100,11
1660670496.863713,5172857.000,41960,1,B%,1,100,11
1660670497.862514,5173831.000,42068,1,B%,1,100,10
1660670498.862341,5174806.000,42233,1,B%,1,100,10
1660670499.860117,5175779.000,42381,1,B%,1,100,10
1660670500.856868,5176751.000,42541,1,B%,1,100,11
1660670501.854644,5177724.000,42706,1,B%,1,100,10
1660670502.851394,5178696.000,42853,1,B%,1,100,11
1660670503.849170,5179669.000,43023,1,B%,1,100,11
1660670504.850023,5180645.000,43190,1,B%,1,100,11
1660670505.847799,5181618.000,43341,1,B%,1,100,11
1660670506.847626,5182593.000,43494,1,B%,1,100,10
1660670507.846427,5183567.000,43659,1,B%,1,100,10
1660670508.846254,5184542.000,43810,1,B%,1,100,11
1660670509.844030,5185515.000,43977,1,B%,1,100,11
1660670510.841806,5186488.000,44128,1,B%,1,100,10
1660670511.839582,5187461.000,44285,1,B%,1,100,11
1660670512.840435,5188437.000,44450,1,B%,1,100,10
1660670513.836160,5189408.000,44617,1,B%,1,100,10
1660670514.834961,5190382.000,44767,1,B%,1,100,10
1660670515.832737,5191355.000,44934,1,B%,1,100,10
1660670516.832564,5192330.000,45090,1,B%,1,100,11
1660670517.831366,5193304.000,45226,1,B%,1,100,10
1660670518.830167,5194278.000,45392,1,B%,1,100,10
1660670519.827943,5195251.000,45542,1,B%,1,100,11
1660670520.825719,5196224.000,45712,1,B%,1,100,11
1660670521.824521,5197198.000,45886,1,B%,1,100,11
1660670522.822297,5198171.000,46003,1,B%,1,100,10
1660670523.821098,5199145.000,46170,1,B%,1,100,11
1660670524.821951,5200121.000,46319,1,B%,1,100,10
1660670525.817676,5201092.000,46490,1,B%,1,100,10
1660670526.817503,5202067.000,46642,1,B%,1,100,10
1660670527.816304,5203041.000,46802,1,B%,1,100,11
1660670528.815106,5204015.000,46951,1,B%,1,100,10
1660670529.812882,5204988.000,47118,1,B%,1,100,10
1660670530.810658,5205961.000,47268,1,B%,1,100,11
1660670531.807408,5206933.000,47417,1,B%,1,100,11
1660670532.807235,5207908.000,47573,1,B%,1,100,11
1660670533.803986,5208880.000,47692,1,B%,1,100,10
1660670534.803813,5209855.000,47839,1,B%,1,100,10
1660670535.802614,5210829.000,48009,1,B%,1,100,10
1660670536.802441,5211804.000,48176,1,B%,1,100,10
1660670537.799191,5212776.000,48332,1,B%,1,100,10
1660670538.800044,5213752.000,48484,1,B%,1,100,10
1660670539.799871,5214727.000,48653,1,B%,1,100,10
1660670540.797647,5215700.000,48820,1,B%,1,100,10
1660670541.795423,5216673.000,48971,1,B%,1,100,10
1660670542.793199,5217646.000,49138,1,B%,1,100,10
1660670543.792001,5218620.000,49291,1,B%,1,100,10
1660670544.791827,5219595.000,49439,1,B%,1,100,10
1660670545.788578,5220567.000,49607,1,B%,1,100,10
1660670546.788405,5221542.000,49774,1,B%,1,100,10
1660670547.789257,5222518.000,49924,1,B%,1,100,10
1660670548.787033,5223491.000,50084,1,B%,1,100,10
1660670549.783784,5224463.000,50251,1,B%,1,100,10
1660670550.782585,5225437.000,50401,1,B%,1,100,10
1660670551.779336,5226409.000,50568,1,B%,1,100,10
1660670552.778137,5227383.000,50723,1,B%,1,100,10
1660670553.775913,5228356.000,50864,1,B%,1,100,10
1660670554.776766,5229332.000,51031,1,B%,1,100,10
1660670555.774542,5230305.000,51181,1,B%,1,100,10
1660670556.774369,5231280.000,51345,1,B%,1,100,10
1660670557.772145,5232253.000,51512,1,B%,1,100,10
1660670558.772997,5233229.000,51660,1,B%,1,100,11
1660670559.771799,5234203.000,51816,1,B%,1,100,11
1660670560.770600,5235177.000,51981,1,B%,1,100,10
1660670561.769402,5236151.000,52130,1,B%,1,100,10
1660670562.767178,5237124.000,52294,1,B%,1,100,10
1660670563.764954,5238097.000,52459,1,B%,1,100,10
1660670564.764781,5239072.000,52613,1,B%,1,100,10
1660670565.761531,5240044.000,52763,1,B%,1,100,10
1660670566.762383,5241020.000,52928,1,B%,1,100, 9
1660670567.764261,5241997.000,53080,1,B%,1,100,10
1660670568.762037,5242970.000,53244,1,B%,1,100,10
1660670569.758788,5243942.000,53399,1,B%,1,100,10
1660670570.757589,5244916.000,53547,1,B%,1,100, 9
1660670571.756391,5245890.000,53713,1,B%,1,100,10
1660670572.756218,5246865.000,53878,1,B%,1,100,10
1660670573.753994,5247838.000,54025,1,B%,1,100,10
1660670574.752795,5248812.000,54184,1,B%,1,100,10
1660670575.750571,5249785.000,54351,1,B%,1,100,10
1660670576.751424,5250761.000,54501,1,B%,1,100,10
1660670577.748174,5251733.000,54668,1,B%,1,100,10
1660670578.749027,5252709.000,54816,1,B%,1,100,10
1660670579.749879,5253685.000,54986,1,B%,1,100,10
1660670580.746630,5254657.000,55141,1,B%,1,100,10
1660670581.742355,5255628.000,55289,1,B%,1,100, 9
1660670582.742182,5256603.000,55455,1,B%,1,100,10
1660670583.738932,5257575.000,55620,1,B%,1,100,10
1660670584.737734,5258549.000,55770,1,B%,1,100,10
1660670585.733459,5259520.000,55928,1,B%,1,100,10
1660670586.734311,5260496.000,56093,1,B%,1,100,10
1660670587.735164,5261472.000,56240,1,B%,1,100,10
1660670588.733965,5262446.000,56404,1,B%,1,100,10
1660670589.730716,5263418.000,56557,1,B%,1,100,10
1660670590.730543,5264393.000,56713,1,B%,1,100,10
1660670591.728318,5265366.000,56862,1,B%,1,100,10
1660670592.728146,5266341.000,57026,1,B%,1,100, 9
1660670593.724896,5267313.000,57191,1,B%,1,100, 9
1660670594.725749,5268289.000,57342,1,B%,1,100,10
1660670595.723525,5269262.000,57512,1,B%,1,100,10
1660670596.723351,5270237.000,57660,1,B%,1,100,10
1660670597.721128,5271210.000,57808,1,B%,1,100,10
1660670598.723005,5272187.000,57976,1,B%,1,100,10
1660670599.722832,5273162.000,58143,1,B%,1,100,10
1660670600.718557,5274133.000,58291,1,B%,1,100,10
1660670601.715308,5275105.000,58449,1,B%,1,100,10
1660670602.715135,5276080.000,58620,1,B%,1,100,10
1660670603.712911,5277053.000,58767,1,B%,1,100, 9
1660670604.710687,5278026.000,58931,1,B%,1,100, 9
1660670605.707437,5278998.000,59100,1,B%,1,100, 9
1660670606.707264,5279973.000,59256,1,B%,1,100, 9
1660670607.706066,5280947.000,59406,1,B%,1,100,10
1660670608.703842,5281920.000,59571,1,B%,1,100, 9
1660670609.701618,5282893.000,59719,1,B%,1,100, 9
1660670610.701445,5283868.000,59887,1,B%,1,100,10
1660670611.698195,5284840.000,60042,1,B%,1,100,10
1660670612.693920,5285811.000,60191,1,B%,1,100,10
1660670613.692722,5286785.000,60356,1,B%,1,100, 9
1660670614.692549,5287760.000,60505,1,B%,1,100,10
1660670615.689299,5288732.000,60675,1,B%,1,100,10
1660670616.689126,5289707.000,60850,1,B%,1,100,10
1660670617.686902,5290680.000,60984,1,B%,1,100, 9
1660670618.687755,5291656.000,61151,1,B%,1,100, 9
1660670619.685531,5292629.000,61301,1,B%,1,100, 9
1660670620.682281,5293601.000,61468,1,B%,1,100, 9
1660670621.680057,5294574.000,61618,1,B%,1,100,10
1660670622.681935,5295551.000,61775,1,B%,1,100, 9
1660670623.677660,5296522.000,61922,1,B%,1,100, 9
1660670624.674411,5297494.000,62092,1,B%,1,100, 9
1660670625.672187,5298467.000,62245,1,B%,1,100, 9
1660670626.672014,5299442.000,62414,1,B%,1,100, 9
1660670627.669790,5300415.000,62554,1,B%,1,100, 9
1660670628.668591,5301389.000,62722,1,B%,1,100, 9
1660670629.667393,5302363.000,62889,1,B%,1,100,10
1660670630.665169,5303336.000,63040,1,B%,1,100,10
1660670631.662945,5304309.000,63207,1,B%,1,100,10
1660670632.659695,5305281.000,63366,1,B%,1,100, 9
1660670633.658497,5306255.000,63515,1,B%,1,100, 9
1660670634.659349,5307231.000,63683,1,B%,1,100, 9
1660670635.657125,5308204.000,63847,1,B%,1,100, 9
1660670636.656952,5309179.000,63997,1,B%,1,100, 9
1660670637.653703,5310151.000,64168,1,B%,1,100,10
1660670638.653530,5311126.000,64306,1,B%,1,100,10
1660670639.650280,5312098.000,64478,1,B%,1,100,10
1660670640.648056,5313071.000,64647,1,B%,1,100, 9
1660670641.646858,5314045.000,64798,1,B%,1,100, 9
1660670642.647710,5315021.000,64962,1,B%,1,100, 9
1660670643.642410,5315991.000,65118,1,B%,1,100, 9
1660670644.641211,5316965.000,65268,1,B%,1,100,10
1660670645.638987,5317938.000,65436,1,B%,1,100,10
1660670646.638814,5318913.000,71,1,B%,1,100,10
1660670647.637616,5319887.000,221,1,B%,1,100, 9
1660670648.637443,5320862.000,393,1,B%,1,100,10
1660670649.635219,5321835.000,546,1,B%,1,100, 9
1660670650.632995,5322808.000,713,1,B%,1,100, 9
1660670651.629745,5323780.000,882,1,B%,1,100, 9
1660670652.626496,5324752.000,1032,1,B%,1,100, 9
1660670653.625297,5325726.000,1206,1,B%,1,100, 9
1660670654.627175,5326703.000,1355,1,B%,1,100,10
1660670655.621875,5327673.000,1522,1,B%,1,100, 9
1660670656.621701,5328648.000,1671,1,B%,1,100, 9
1660670657.621529,5329623.000,1839,1,B%,1,100, 9
1660670658.620330,5330597.000,2006,1,B%,1,100, 9
1660670659.618106,5331570.000,2164,1,B%,1,100, 9
1660670660.615882,5332543.000,2316,1,B%,1,100, 9
1660670661.613658,5333516.000,2465,1,B%,1,100, 9
1660670662.613485,5334491.000,2632,1,B%,1,100, 9
1660670663.610235,5335463.000,2799,1,B%,1,100, 9
1660670664.608011,5336436.000,2956,1,B%,1,100, 9
1660670665.605788,5337409.000,3123,1,B%,1,100, 9
1660670666.605614,5338384.000,3274,1,B%,1,100, 8
1660670667.603390,5339357.000,3445,1,B%,1,100, 9
1660670668.603217,5340332.000,3594,1,B%,1,100, 9
1660670669.602019,5341306.000,3767,1,B%,1,100, 9
1660670670.600820,5342280.000,3932,1,B%,1,100, 9
1660670671.597571,5343252.000,4085,1,B%,1,100, 9
1660670672.595347,5344225.000,4250,1,B%,1,100, 9
1660670673.594148,5345199.000,4399,1,B%,1,100, 9
1660670674.595001,5346175.000,4570,1,B%,1,100, 9
1660670675.589700,5347145.000,4739,1,B%,1,100, 9
1660670676.589527,5348120.000,4890,1,B%,1,100, 9
1660670677.588329,5349094.000,5063,1,B%,1,100, 9
1660670678.587130,5350068.000,5212,1,B%,1,100, 9
1660670679.584906,5351041.000,5382,1,B%,1,100, 9
1660670680.582682,5352014.000,5535,1,B%,1,100, 9
1660670681.580458,5352987.000,5703,1,B%,1,100, 9
1660670682.580285,5353962.000,5868,1,B%,1,100, 9
1660670683.577036,5354934.000,6016,1,B%,1,100, 9
1660670684.574812,5355907.000,6184,1,B%,1,100, 9
1660670685.573613,5356881.000,6355,1,B%,1,100, 9
1660670686.573440,5357856.000,6508,1,B%,1,100, 9
1660670687.570191,5358828.000,6677,1,B%,1,100, 9
1660670688.570018,5359803.000,6824,1,B%,1,100, 9
1660670689.568819,5360777.000,6994,1,B%,1,100, 9
1660670690.567621,5361751.000,7148,1,B%,1,100, 9
1660670691.566422,5362725.000,7313,1,B%,1,100, 9
1660670692.564198,5363698.000,7478,1,B%,1,100, 9
1660670693.561974,5364671.000,7628,1,B%,1,100, 9
1660670694.561801,5365646.000,7797,1,B%,1,100, 8
1660670695.558552,5366618.000,7953,1,B%,1,100, 8
1660670696.557353,5367592.000,8108,1,B%,1,100, 9
1660670697.558206,5368568.000,8274,1,B%,1,100, 9
1660670698.557007,5369542.000,8443,1,B%,1,100, 9
1660670699.554783,5370515.000,8596,1,B%,1,100, 9
1660670700.552559,5371488.000,8760,1,B%,1,100, 9
1660670701.551361,5372462.000,8918,1,B%,1,100, 9
1660670702.551188,5373437.000,9085,1,B%,1,100, 9
1660670703.547938,5374409.000,9233,1,B%,1,100, 9
1660670704.548790,5375385.000,9399,1,B%,1,100, 9
1660670705.547592,5376359.000,9568,1,B%,1,100, 9
1660670706.547419,5377334.000,9725,1,B%,1,100, 9
1660670707.543144,5378305.000,9894,1,B%,1,100, 9
1660670708.543996,5379281.000,10059,1,B%,1,100, 9
1660670709.542798,5380255.000,10210,1,B%,1,100, 9
1660670710.541599,5381229.000,10375,1,B%,1,100, 9
1660670711.539375,5382202.000,10532,1,B%,1,100, 9
1660670712.537151,5383175.000,10697,1,B%,1,100, 8
1660670713.534927,5384148.000,10846,1,B%,1,100, 8
1660670714.533729,5385122.000,11013,1,B%,1,100, 8
1660670715.530479,5386094.000,11163,1,B%,1,100, 8
1660670716.531332,5387070.000,11333,1,B%,1,100, 8
1660670717.532184,5388046.000,11484,1,B%,1,100, 9
1660670718.529960,5389019.000,11651,1,B%,1,100, 9
1660670719.526711,5389991.000,11818,1,B%,1,100, 8
1660670720.526538,5390966.000,11970,1,B%,1,100, 8
1660670721.524314,5391939.000,12137,1,B%,1,100, 8
1660670722.524141,5392914.000,12294,1,B%,1,100, 8
1660670723.521917,5393887.000,12462,1,B%,1,100, 8
1660670724.522769,5394863.000,12633,1,B%,1,100, 8
1660670725.519520,5395835.000,12789,1,B%,1,100, 8
1660670726.520372,5396811.000,12954,1,B%,1,100, 9
1660670727.516097,5397782.000,13114,1,B%,1,100, 9
1660670728.516950,5398758.000,13279,1,B%,1,100, 8
1660670729.515751,5399732.000,13430,1,B%,1,100, 8
1660670730.513527,5400705.000,13580,1,B%,1,100, 8
1660670731.511303,5401678.000,13747,1,B%,1,100, 8
1660670732.511130,5402653.000,13902,1,B%,1,100, 8
1660670733.507881,5403625.000,14073,1,B%,1,100, 8
1660670734.507708,5404600.000,14240,1,B%,1,100, 8
1660670735.504458,5405572.000,14391,1,B%,1,100, 8
1660670736.505311,5406548.000,14558,1,B%,1,100, 8
1660670737.505137,5407523.000,14707,1,B%,1,100, 8
1660670738.503939,5408497.000,14878,1,B%,1,100, 8
1660670739.500690,5409469.000,15043,1,B%,1,100, 8
1660670740.499491,5410443.000,15194,1,B%,1,100, 8
1660670741.496242,5411415.000,15361,1,B%,1,100, 8
1660670742.496068,5412390.000,15509,1,B%,1,100, 7
1660670743.492819,5413362.000,15681,1,B%,1,100, 7
1660670744.492646,5414337.000,15836,1,B%,1,100, 7
1660670745.489396,5415309.000,16003,1,B%,1,100, 8
1660670746.489223,5416284.000,16170,1,B%,1,100, 7
1660670747.484948,5417255.000,16324,1,B%,1,100, 7
1660670748.485801,5418231.000,16498,1,B%,1,100, 7
1660670749.485628,5419206.000,16649,1,B%,1,100, 8
1660670750.481353,5420177.000,16815,1,B%,1,100, 8
1660670751.478103,5421149.000,16967,1,B%,1,100, 8
1660670752.478956,5422125.000,17135,1,B%,1,100, 8
1660670753.475706,5423097.000,17290,1,B%,1,100, 8
1660670754.475533,5424072.000,17456,1,B%,1,100, 7
1660670755.472284,5425044.000,17627,1,B%,1,100, 7
1660670756.473136,5426020.000,17777,1,B%,1,100, 7
1660670757.472963,5426995.000,17942,1,B%,1,100, 7
1660670758.471765,5427969.000,18111,1,B%,1,100, 8
1660670759.469541,5428942.000,18267,1,B%,1,100, 8
1660670760.468342,5429916.000,18421,1,B%,1,100, 8
1660670761.466118,5430889.000,18590,1,B%,1,100, 8
1660670762.463894,5431862.000,18740,1,B%,1,100, 8
1660670763.461670,5432835.000,18908,1,B%,1,100, 7
1660670764.462523,5433811.000,19065,1,B%,1,100, 8
1660670765.460299,5434784.000,19217,1,B%,1,100, 8
1660670766.460126,5435759.000,19388,1,B%,1,100, 8
1660670767.457902,5436732.000,19555,1,B%,1,100, 8
1660670768.459780,5437709.000,19705,1,B%,1,100, 8
1660670769.458581,5438683.000,19877,1,B%,1,100, 8
1660670770.454306,5439654.000,20028,1,B%,1,100, 8
1660670771.452082,5440627.000,20193,1,B%,1,100, 8
1660670772.451909,5441602.000,20360,1,B%,1,100, 8
1660670773.448660,5442574.000,20510,1,B%,1,100, 8
1660670774.448487,5443549.000,20684,1,B%,1,100, 8
1660670775.445237,5444521.000,20835,1,B%,1,100, 8
1660670776.445064,5445496.000,21002,1,B%,1,100, 8
1660670777.444891,5446471.000,21154,1,B%,1,100, 8
1660670778.443692,5447445.000,21318,1,B%,1,100, 8
1660670779.440443,5448417.000,21482,1,B%,1,100, 7
1660670780.440270,5449392.000,21638,1,B%,1,100, 7
1660670781.438046,5450365.000,21785,1,B%,1,100, 7
1660670782.435822,5451338.000,21949,1,B%,1,100, 7
1660670783.434623,5452312.000,22116,1,B%,1,100, 8
1660670784.435476,5453288.000,22267,1,B%,1,100, 8
1660670785.432226,5454260.000,22426,1,B%,1,100, 7
1660670786.433079,5455236.000,22589,1,B%,1,100, 7
1660670787.429829,5456208.000,22745,1,B%,1,100, 8
1660670788.430682,5457184.000,22913,1,B%,1,100, 7
1660670789.429483,5458158.000,23078,1,B%,1,100, 8
1660670790.425208,5459129.000,23233,1,B%,1,100, 8
1660670791.422984,5460102.000,23400,1,B%,1,100, 7
1660670792.423837,5461078.000,23551,1,B%,1,100, 7
1660670793.421613,5462051.000,23720,1,B%,1,100, 7
1660670794.421440,5463026.000,23871,1,B%,1,100, 7
1660670795.418190,5463998.000,24044,1,B%,1,100, 7
1660670796.418017,5464973.000,24196,1,B%,1,100, 7
1660670797.416819,5465947.000,24364,1,B%,1,100, 7
1660670798.415620,5466921.000,24531,1,B%,1,100, 7
1660670799.412371,5467893.000,24681,1,B%,1,100, 8
1660670800.412198,5468868.000,24832,1,B%,1,100, 8
1660670801.409974,5469841.000,25004,1,B%,1,100, 8
1660670802.407750,5470814.000,25153,1,B%,1,100, 7
1660670803.405526,5471787.000,25323,1,B%,1,100, 7
1660670804.406378,5472763.000,25488,1,B%,1,100, 7
1660670805.404154,5473736.000,25641,1,B%,1,100, 7
1660670806.405006,5474712.000,25795,1,B%,1,100, 7
1660670807.402782,5475685.000,25963,1,B%,1,100, 7
1660670808.402609,5476660.000,26132,1,B%,1,100, 7
1660670809.401411,5477634.000,26285,1,B%,1,100, 7
1660670810.399187,5478607.000,26450,1,B%,1,100, 7
1660670811.396963,5479580.000,26601,1,B%,1,100, 7
1660670812.397815,5480556.000,26766,1,B%,1,100, 7
1660670813.394566,5481528.000,26915,1,B%,1,100, 7
1660670814.394393,5482503.000,27080,1,B%,1,100, 7
1660670815.392169,5483476.000,27229,1,B%,1,100, 7
1660670816.391996,5484451.000,27404,1,B%,1,100, 7
1660670817.390797,5485425.000,27557,1,B%,1,100, 7
1660670818.389599,5486399.000,27726,1,B%,1,100, 7
1660670819.388400,5487373.000,27877,1,B%,1,100, 7
1660670820.388227,5488348.000,28041,1,B%,1,100, 7
1660670821.386003,5489321.000,28210,1,B%,1,100, 8
1660670822.381728,5490292.000,28367,1,B%,1,100, 8
1660670823.380530,5491266.000,28533,1,B%,1,100, 7
1660670824.382408,5492243.000,28683,1,B%,1,100, 7
1660670825.379158,5493215.000,28848,1,B%,1,100, 7
1660670826.380011,5494191.000,29002,1,B%,1,100, 6
1660670827.376761,5495163.000,29174,1,B%,1,100, 7
1660670828.376588,5496138.000,29324,1,B%,1,100, 7
1660670829.374364,5497111.000,29493,1,B%,1,100, 7
1660670830.372140,5498084.000,29646,1,B%,1,100, 7
1660670831.368891,5499056.000,29813,1,B%,1,100, 7
1660670832.369743,5500032.000,29968,1,B%,1,100, 7
1660670833.366493,5501004.000,30133,1,B%,1,100, 6
1660670834.366320,5501979.000,30282,1,B%,1,100, 7
1660670835.364096,5502952.000,30429,1,B%,1,100, 6
1660670836.363924,5503927.000,30593,1,B%,1,100, 7
1660670837.362725,5504901.000,30765,1,B%,1,100, 6
1660670838.361526,5505875.000,30918,1,B%,1,100, 6
1660670839.359303,5506848.000,31085,1,B%,1,100, 6
1660670840.359129,5507823.000,31236,1,B%,1,100, 6
1660670841.356905,5508796.000,31404,1,B%,1,100, 6
1660670842.352630,5509767.000,31573,1,B%,1,100, 6
1660670843.351432,5510741.000,31727,1,B%,1,100, 6
1660670844.353310,5511718.000,31894,1,B%,1,100, 6
1660670845.350060,5512690.000,32042,1,B%,1,100, 7
1660670846.350913,5513666.000,32211,1,B%,1,100, 7
1660670847.348689,5514639.000,32362,1,B%,1,100, 7
1660670848.348516,5515614.000,32532,1,B%,1,100, 7
1660670849.346292,5516587.000,32682,1,B%,1,100, 7
1660670850.344068,5517560.000,32853,1,B%,1,100, 7
1660670851.340818,5518532.000,33001,1,B%,1,100, 6
1660670852.341671,5519508.000,33167,1,B%,1,100, 6
1660670853.338421,5520480.000,33324,1,B%,1,100, 6
1660670854.337223,5521454.000,33493,1,B%,1,100, 6
1660670855.333973,5522426.000,33642,1,B%,1,100, 6
1660670856.334826,5523402.000,33811,1,B%,1,100, 6
1660670857.334653,5524377.000,33963,1,B%,1,100, 6
1660670858.333454,5525351.000,34136,1,B%,1,100, 6
1660670859.332256,5526325.000,34288,1,B%,1,100, 6
1660670860.332083,5527300.000,34455,1,B%,1,100, 6
1660670861.327808,5528271.000,34604,1,B%,1,100, 6
1660670862.324558,5529243.000,34771,1,B%,1,100, 6
1660670863.323360,5530217.000,34919,1,B%,1,100, 6
1660670864.322161,5531191.000,35071,1,B%,1,100, 6
1660670865.319937,5532164.000,35240,1,B%,1,100, 6
1660670866.320790,5533140.000,35387,1,B%,1,100, 6
1660670867.317540,5534112.000,35559,1,B%,1,100, 6
1660670868.317367,5535087.000,35726,1,B%,1,100, 6
1660670869.316169,5536061.000,35851,1,B%,1,100, 6
1660670870.312919,5537033.000,36018,1,B%,1,100, 6
1660670871.309669,5538005.000,36167,1,B%,1,100, 6
1660670872.311548,5538982.000,36331,1,B%,1,100, 6
1660670873.307272,5539953.000,36495,1,B%,1,100, 6
1660670874.305048,5540926.000,36633,1,B%,1,100, 6
1660670875.302824,5541899.000,36797,1,B%,1,100, 6
1660670876.302651,5542874.000,36950,1,B%,1,100, 6
1660670877.301453,5543848.000,37115,1,B%,1,100, 6
1660670878.301280,5544823.000,37264,1,B%,1,100, 6
1660670879.299056,5545796.000,37430,1,B%,1,100, 6
1660670880.298883,5546771.000,37585,1,B%,1,100, 6
1660670881.296659,5547744.000,37749,1,B%,1,100, 6
1660670882.293409,5548716.000,37897,1,B%,1,100, 6
1660670883.292211,5549690.000,38064,1,B%,1,100, 6
1660670884.292038,5550665.000,38213,1,B%,1,100, 5
1660670885.289814,5551638.000,38368,1,B%,1,100, 6
1660670886.290666,5552614.000,38537,1,B%,1,100, 6
1660670887.287417,5553586.000,38686,1,B%,1,100, 6
1660670888.287244,5554561.000,38851,1,B%,1,100, 5
1660670889.285020,5555534.000,38998,1,B%,1,100, 6
1660670890.282796,5556507.000,39153,1,B%,1,100, 6
1660670891.279546,5557479.000,39318,1,B%,1,100, 5
1660670892.281424,5558456.000,39467,1,B%,1,100, 5
1660670893.278175,5559428.000,39637,1,B%,1,100, 6
1660670894.275951,5560401.000,39804,1,B%,1,100, 5
1660670895.273727,5561374.000,39960,1,B%,1,100, 6
1660670896.274579,5562350.000,40110,1,B%,1,100, 5
1660670897.273381,5563324.000,40279,1,B%,1,100, 6
1660670898.272182,5564298.000,40431,1,B%,1,100, 6
1660670899.270984,5565272.000,40599,1,B%,1,100, 6
1660670900.270811,5566247.000,40766,1,B%,1,100, 5
1660670901.267561,5567219.000,40905,1,B%,1,100, 6
1660670902.264312,5568191.000,41071,1,B%,1,100, 6
1660670903.263113,5569165.000,41242,1,B%,1,100, 5
1660670904.263966,5570141.000,41376,1,B%,1,100, 5
1660670905.261742,5571114.000,41543,1,B%,1,100, 5
1660670906.262594,5572090.000,41683,1,B%,1,100, 5
1660670907.259345,5573062.000,41852,1,B%,1,100, 5
1660670908.259171,5574037.000,42002,1,B%,1,100, 5
1660670909.257973,5575011.000,42171,1,B%,1,100, 5
1660670910.254724,5575983.000,42322,1,B%,1,100, 5
1660670911.252500,5576956.000,42477,1,B%,1,100, 5
1660670912.254377,5577933.000,42626,1,B%,1,100, 6
1660670913.251128,5578905.000,42793,1,B%,1,100, 6
1660670914.249929,5579879.000,42945,1,B%,1,100, 6
1660670915.247705,5580852.000,43095,1,B%,1,100, 5
1660670916.247532,5581827.000,43270,1,B%,1,100, 5
1660670917.247359,5582802.000,43408,1,B%,1,100, 4
1660670918.246161,5583776.000,43573,1,B%,1,100, 4
1660670919.243937,5584749.000,43726,1,B%,1,100, 4
1660670920.243764,5585724.000,43830,1,B%,1,100, 3
1660670921.241540,5586697.000,43994,1,B%,1,100, 4
1660670922.238290,5587669.000,44134,1,B%,1,100, 5
1660670923.237092,5588643.000,44300,1,B%,1,100, 5
1660670924.236919,5589618.000,44465,1,B%,1,100, 4
1660670925.234695,5590591.000,44616,1,B%,1,100, 4
1660670926.235547,5591567.000,44781,1,B%,1,100, 4
1660670927.232298,5592539.000,44937,1,B%,1,100, 6
1660670928.231099,5593513.000,45088,1,B%,1,100, 5
1660670929.228875,5594486.000,45256,1,B%,1,100, 5
1660670930.226651,5595459.000,45423,1,B%,1,100, 5
1660670931.224427,5596432.000,45574,1,B%,1,100, 5
1660670932.226305,5597409.000,45725,1,B%,1,100, 4
1660670933.223056,5598381.000,45890,1,B%,1,100, 5
1660670934.220832,5599354.000,46042,1,B%,1,100, 6
1660670935.218608,5600327.000,46210,1,B%,1,100, 5
1660670936.218435,5601302.000,46375,1,B%,1,100, 5
1660670937.217236,5602276.000,46525,1,B%,1,100, 5
1660670938.216038,5603250.000,46681,1,B%,1,100, 5
1660670939.214839,5604224.000,46848,1,B%,1,100, 4
1660670940.213640,5605198.000,46981,1,B%,1,100, 4
1660670941.210391,5606170.000,47147,1,B%,1,100, 4
1660670942.208167,5607143.000,47312,1,B%,1,100, 4
1660670943.205943,5608116.000,47463,1,B%,1,100, 4
1660670944.206795,5609092.000,47614,1,B%,1,100, 5
1660670945.204571,5610065.000,47779,1,B%,1,100, 5
1660670946.204398,5611040.000,47944,1,B%,1,100, 5
1660670947.200124,5612011.000,48094,1,B%,1,100, 5
1660670948.199950,5612986.000,48250,1,B%,1,100, 5
1660670949.197726,5613959.000,48415,1,B%,1,100, 5
1660670950.195503,5614932.000,48563,1,B%,1,100, 5
1660670951.194304,5615906.000,48728,1,B%,1,100, 5
1660670952.195156,5616882.000,48893,1,B%,1,100, 5
1660670953.190881,5617853.000,49033,1,B%,1,100, 4
1660670954.189683,5618827.000,49198,1,B%,1,100, 4
1660670955.187459,5619800.000,49345,1,B%,1,100, 4
1660670956.187286,5620775.000,49512,1,B%,1,100, 4
1660670957.186087,5621749.000,49676,1,B%,1,100, 5
1660670958.184889,5622723.000,49825,1,B%,1,100, 4
1660670959.183690,5623697.000,49981,1,B%,1,100, 4
1660670960.181466,5624670.000,50129,1,B%,1,100, 4
1660670961.178217,5625642.000,50295,1,B%,1,100, 5
1660670962.175993,5626615.000,50462,1,B%,1,100, 4
1660670963.174794,5627589.000,50610,1,B%,1,100, 4
1660670964.174621,5628564.000,50747,1,B%,1,100, 4
1660670965.172397,5629537.000,50913,1,B%,1,100, 3
1660670966.173250,5630513.000,51080,1,B%,1,100, 4
1660670967.170000,5631485.000,51230,1,B%,1,100, 4
1660670968.169827,5632460.000,51395,1,B%,1,100, 4
1660670969.167603,5633433.000,51534,1,B%,1,100, 4
1660670970.164354,5634405.000,51701,1,B%,1,100, 5
1660670971.162130,5635378.000,51848,1,B%,1,100, 4
1660670972.164008,5636355.000,52014,1,B%,1,100, 4
1660670973.159733,5637326.000,52179,1,B%,1,100, 3
1660670974.156483,5638298.000,52319,1,B%,1,100, 3
1660670975.155285,5639272.000,52471,1,B%,1,100, 3
1660670976.155112,5640247.000,52619,1,B%,1,100, 3
1660670977.153913,5641221.000,52787,1,B%,1,100, 3
1660670978.153740,5642196.000,52952,1,B%,1,100, 4
1660670979.152542,5643170.000,53100,1,B%,1,100, 4
1660670980.150318,5644143.000,53256,1,B%,1,100, 4
1660670981.148094,5645116.000,53405,1,B%,1,100, 3
1660670982.144844,5646088.000,53570,1,B%,1,100, 3
1660670983.142620,5647061.000,53720,1,B%,1,100, 3
1660670984.143473,5648037.000,53885,1,B%,1,100, 4
1660670985.141248,5649010.000,54026,1,B%,1,100, 3
1660670986.141076,5649985.000,54193,1,B%,1,100, 3
1660670987.139877,5650959.000,54344,1,B%,1,100, 3
1660670988.139704,5651934.000,54510,1,B%,1,100, 3
1660670989.137480,5652907.000,54675,1,B%,1,100, 3
1660670990.135256,5653880.000,54813,1,B%,1,100, 2
1660670991.133032,5654853.000,54982,1,B%,1,100, 2
1660670992.133884,5655829.000,55130,1,B%,1,100, 2
1660670993.129610,5656800.000,55295,1,B%,1,100, 4
1660670994.127385,5657773.000,55448,1,B%,1,100, 6
1660670995.125161,5658746.000,55603,1,B%,1,100, 6
1660670996.126014,5659722.000,55751,1,B%,1,100, 6
1660670997.125841,5660697.000,55918,1,B%,1,100, 6
1660670998.124642,5661671.000,56069,1,B%,1,100, 7
1660670999.123444,5662645.000,56234,1,B%,1,100, 7
1660671000.121220,5663618.000,56399,1,B%,1,100, 7
1660671001.118996,5664591.000,56538,1,B%,1,100, 7
1660671002.115746,5665563.000,56701,1,B%,1,100, 8
1660671003.114548,5666537.000,56866,1,B%,1,100, 8
1660671004.115400,5667513.000,57016,1,B%,1,100, 7
1660671005.112151,5668485.000,57183,1,B%,1,100, 7
1660671006.111978,5669460.000,57325,1,B%,1,100, 7
1660671007.109754,5670433.000,57472,1,B%,1,100, 6
1660671008.109581,5671408.000,57638,1,B%,1,100, 7
1660671009.106331,5672380.000,57803,1,B%,1,100, 8
1660671010.104107,5673353.000,57954,1,B%,1,100, 7
1660671011.102909,5674327.000,58099,1,B%,1,100, 6
1660671012.103761,5675303.000,58266,1,B%,1,100, 6
1660671013.099486,5676274.000,58416,1,B%,1,100, 6
1660671014.097262,5677247.000,58586,1,B%,1,100, 7
1660671015.095038,5678220.000,58735,1,B%,1,100, 6
1660671016.095891,5679196.000,58907,1,B%,1,100, 6
1660671017.094692,5680170.000,59045,1,B%,1,100, 7
1660671018.094519,5681145.000,59212,1,B%,1,100, 6
1660671019.092295,5682118.000,59360,1,B%,1,100, 5
1660671020.091097,5683092.000,59508,1,B%,1,100, 6
1660671021.088873,5684065.000,59673,1,B%,1,100, 5
1660671022.084598,5685036.000,59811,1,B%,1,100, 5
1660671023.083399,5686010.000,59977,1,B%,1,100, 7
1660671024.084252,5686986.000,60126,1,B%,1,100, 7
1660671025.079977,5687957.000,60296,1,B%,1,100, 7
1660671026.078778,5688931.000,60402,1,B%,1,100, 6
1660671027.077579,5689905.000,60539,1,B%,1,100, 6
1660671028.076381,5690879.000,60706,1,B%,1,100, 7
1660671029.074157,5691852.000,60855,1,B%,1,100, 7
1660671030.070908,5692824.000,61023,1,B%,1,100, 6
1660671031.070735,5693799.000,61171,1,B%,1,100, 5
1660671032.070561,5694774.000,61326,1,B%,1,100, 5
1660671033.067312,5695746.000,61490,1,B%,1,100, 7
1660671034.066113,5696720.000,61639,1,B%,1,100, 7
1660671035.063890,5697693.000,61804,1,B%,1,100, 7
1660671036.063716,5698668.000,61954,1,B%,1,100, 8
1660671037.064569,5699644.000,62127,1,B%,1,100, 7
1660671038.064396,5700619.000,62261,1,B%,1,100, 7
1660671039.062172,5701592.000,62426,1,B%,1,100, 7
1660671040.059948,5702565.000,62575,1,B%,1,100, 6
1660671041.057724,5703538.000,62743,1,B%,1,100, 4
1660671042.055500,5704511.000,62908,1,B%,1,100, 6
1660671043.054301,5705485.000,63048,1,B%,1,100, 6
1660671044.055154,5706461.000,63215,1,B%,1,100, 6
1660671045.050879,5707432.000,63363,1,B%,1,100, 6
1660671046.050706,5708407.000,63532,1,B%,1,100, 6
1660671047.049507,5709381.000,63683,1,B%,1,100, 6
1660671048.048309,5710355.000,63837,1,B%,1,100, 6
1660671049.047110,5711329.000,63985,1,B%,1,100, 6
1660671050.044886,5712302.000,64151,1,B%,1,100, 5
1660671051.042662,5713275.000,64302,1,B%,1,100, 5
1660671052.042489,5714250.000,64468,1,B%,1,100, 6
1660671053.039240,5715222.000,64609,1,B%,1,100, 7
1660671054.038041,5716196.000,64778,1,B%,1,100, 8
1660671055.036843,5717170.000,64927,1,B%,1,100, 7
1660671056.036670,5718145.000,65094,1,B%,1,100, 7
1660671057.032395,5719116.000,65242,1,B%,1,100, 7
1660671058.033247,5720092.000,65415,1,B%,1,100, 8
1660671059.032049,5721066.000,14,1,B%,1,100, 7
1660671060.029825,5722039.000,180,1,B%,1,100, 7
1660671061.027601,5723012.000,345,1,B%,1,100, 7
1660671062.024351,5723984.000,497,1,B%,1,100, 6
1660671063.022127,5724957.000,664,1,B%,1,100, 6
1660671064.021954,5725932.000,819,1,B%,1,100, 6
1660671065.018705,5726904.000,985,1,B%,1,100, 6
1660671066.018532,5727879.000,1133,1,B%,1,100, 5
1660671067.020410,5728856.000,1298,1,B%,1,100, 6
1660671068.018186,5729829.000,1449,1,B%,1,100, 6
1660671069.013911,5730800.000,1625,1,B%,1,100, 6
1660671070.012712,5731774.000,1775,1,B%,1,100, 7
1660671071.009463,5732746.000,1942,1,B%,1,100, 6
1660671072.008264,5733720.000,2109,1,B%,1,100, 6
1660671073.005015,5734692.000,2258,1,B%,1,100, 6
1660671074.005867,5735668.000,2430,1,B%,1,100, 5
1660671075.002618,5736640.000,2582,1,B%,1,100, 5
1660671076.003470,5737616.000,2749,1,B%,1,100, 6
1660671077.000221,5738588.000,2900,1,B%,1,100, 6
1660671078.000047,5739563.000,3067,1,B%,1,100, 7
1660671078.998849,5740537.000,3237,1,B%,1,100, 6
1660671079.996625,5741510.000,3389,1,B%,1,100, 7
1660671080.994401,5742483.000,3539,1,B%,1,100, 6
1660671081.994228,5743458.000,3705,1,B%,1,100, 6
1660671082.990978,5744430.000,3872,1,B%,1,100, 6
1660671083.990805,5745405.000,4023,1,B%,1,100, 6
1660671084.987556,5746377.000,4196,1,B%,1,100, 6
1660671085.989434,5747354.000,4347,1,B%,1,100, 6
1660671086.989261,5748329.000,4512,1,B%,1,100, 6
1660671087.988062,5749303.000,4679,1,B%,1,100, 7
1660671088.985838,5750276.000,4829,1,B%,1,100, 7
1660671089.984640,5751250.000,4986,1,B%,1,100, 6
1660671090.982416,5752223.000,5156,1,B%,1,100, 6
1660671091.982243,5753198.000,5321,1,B%,1,100, 5
1660671092.980019,5754171.000,5471,1,B%,1,100, 6
1660671093.979846,5755146.000,5637,1,B%,1,100, 6
1660671094.976596,5756118.000,5792,1,B%,1,100, 6
1660671095.976423,5757093.000,5959,1,B%,1,100, 6
1660671096.973174,5758065.000,6109,1,B%,1,100, 6
1660671097.975052,5759042.000,6272,1,B%,1,100, 6
1660671098.974879,5760017.000,6441,1,B%,1,100, 6
1660671099.970604,5760988.000,6592,1,B%,1,100, 6
1660671100.968379,5761961.000,6746,1,B%,1,100, 6
1660671101.969232,5762937.000,6913,1,B%,1,100, 6
1660671102.967008,5763910.000,7061,1,B%,1,100, 5
1660671103.965810,5764884.000,7226,1,B%,1,100, 6
1660671104.962560,5765856.000,7376,1,B%,1,100, 6
1660671105.962387,5766831.000,7532,1,B%,1,100, 6
1660671106.961189,5767805.000,7700,1,B%,1,100, 5
1660671107.959990,5768779.000,7847,1,B%,1,100, 5
1660671108.958791,5769753.000,8013,1,B%,1,100, 4
1660671109.958618,5770728.000,8182,1,B%,1,100, 5
1660671110.956394,5771701.000,8319,1,B%,1,100, 6
1660671111.953145,5772673.000,8488,1,B%,1,100, 6
1660671112.951946,5773647.000,8654,1,B%,1,100, 6
1660671113.951773,5774622.000,8802,1,B%,1,100, 5
1660671114.948524,5775594.000,8969,1,B%,1,100, 6
1660671115.949376,5776570.000,9127,1,B%,1,100, 5
1660671116.946127,5777542.000,9292,1,B%,1,100, 4
1660671117.945954,5778517.000,9441,1,B%,1,100, 5
1660671118.943730,5779490.000,9593,1,B%,1,100, 5
1660671119.941506,5780463.000,9762,1,B%,1,100, 4
1660671120.939282,5781436.000,9909,1,B%,1,100, 4
1660671121.941160,5782413.000,10064,1,B%,1,100, 5
1660671122.936885,5783384.000,10231,1,B%,1,100, 6
1660671123.933635,5784356.000,10378,1,B%,1,100, 6
1660671124.931411,5785329.000,10546,1,B%,1,100, 6
1660671125.932264,5786305.000,10713,1,B%,1,100, 6
1660671126.931065,5787279.000,10869,1,B%,1,100, 6
1660671127.929867,5788253.000,11036,1,B%,1,100, 6
1660671128.927643,5789226.000,11184,1,B%,1,100, 6
1660671129.926444,5790200.000,11350,1,B%,1,100, 6
1660671130.925246,5791174.000,11499,1,B%,1,100, 6
1660671131.921996,5792146.000,11668,1,B%,1,100, 6
1660671132.920798,5793120.000,11833,1,B%,1,100, 5
1660671133.922676,5794097.000,11985,1,B%,1,100, 6
1660671134.917375,5795067.000,12152,1,B%,1,100, 6
1660671135.918228,5796043.000,12300,1,B%,1,100, 7
1660671136.918055,5797018.000,12473,1,B%,1,100, 7
1660671137.916856,5797992.000,12621,1,B%,1,100, 6
1660671138.914632,5798965.000,12786,1,B%,1,100, 6
1660671139.913434,5799939.000,12951,1,B%,1,100, 5
1660671140.911210,5800912.000,13100,1,B%,1,100, 6
1660671141.911036,5801887.000,13265,1,B%,1,100, 7
1660671142.907787,5802859.000,13420,1,B%,1,100, 7
1660671143.906589,5803833.000,13585,1,B%,1,100, 7
1660671144.905390,5804807.000,13735,1,B%,1,100, 6
1660671145.906242,5805783.000,13899,1,B%,1,100, 6
1660671146.902993,5806755.000,14066,1,B%,1,100, 7
1660671147.902820,5807730.000,14220,1,B%,1,100, 6
1660671148.901621,5808704.000,14371,1,B%,1,100, 5
1660671149.899397,5809677.000,14535,1,B%,1,100, 5
1660671150.898199,5810651.000,14700,1,B%,1,100, 6
1660671151.895975,5811624.000,14848,1,B%,1,100, 6
1660671152.894776,5812598.000,15005,1,B%,1,100, 6
1660671153.894603,5813573.000,15169,1,B%,1,100, 4
1660671154.890328,5814544.000,15334,1,B%,1,100, 6
1660671155.890155,5815519.000,15482,1,B%,1,100, 5
1660671156.892033,5816496.000,15649,1,B%,1,100, 5
1660671157.890835,5817470.000,15798,1,B%,1,100, 4
1660671158.887585,5818442.000,15956,1,B%,1,100, 4
1660671159.886387,5819416.000,16121,1,B%,1,100, 5
1660671160.883137,5820388.000,16268,1,B%,1,100, 6
1660671161.882964,5821363.000,16432,1,B%,1,100, 5
1660671162.880740,5822336.000,16597,1,B%,1,100, 5
1660671163.881593,5823312.000,16749,1,B%,1,100, 5
1660671164.877318,5824283.000,16914,1,B%,1,100, 5
1660671165.878170,5825259.000,17064,1,B%,1,100, 6
1660671166.874921,5826231.000,17229,1,B%,1,100, 5
1660671167.875773,5827207.000,17377,1,B%,1,100, 5
1660671168.875600,5828182.000,17548,1,B%,1,100, 3
1660671169.872350,5829154.000,17698,1,B%,1,100, 2
1660671170.868076,5830125.000,17863,1,B%,1,100, 2
1660671171.867903,5831100.000,18011,1,B%,1,100, 2
1660671172.865679,5832073.000,18181,1,B%,1,100, 1
1660671173.865505,5833048.000,18353,1,B%,1,100, 1
1660671174.862256,5834020.000,18501,1,B%,1,100, 1
1660671175.862083,5834995.000,18668,1,B%,1,100, 1
1660671176.860884,5835969.000,18816,1,B%,1,100, 1
1660671177.859686,5836943.000,18980,1,B%,1,100, 1
1660671178.857462,5837916.000,19145,1,B%,1,100, 1
1660671179.857289,5838891.000,19304,1,B%,1,100, 1
1660671180.854039,5839863.000,19456,1,B%,1,100, 1
1660671181.850790,5840835.000,19622,1,B%,1,100, 1
1660671182.848566,5841808.000,19789,1,B%,1,100, 1
1660671183.849418,5842784.000,19937,1,B%,1,100, 1
1660671184.847194,5843757.000,20107,1,B%,1,100, 1
1660671185.848047,5844733.000,20256,1,B%,1,100, 1
1660671186.844797,5845705.000,20421,1,B%,1,100, 1
1660671187.844624,5846680.000,20569,1,B%,1,100, 1
1660671188.842400,5847653.000,20720,1,B%,1,100, 1
1660671189.840176,5848626.000,20892,1,B%,1,100, 1
1660671190.836927,5849598.000,21040,1,B%,1,100, 1
1660671191.837779,5850574.000,21206,1,B%,1,100, 1
1660671192.834530,5851546.000,21370,1,B%,1,100, 1
1660671193.832306,5852519.000,21519,1,B%,1,100, 1
1660671194.830082,5853492.000,21673,1,B%,1,100, 1
1660671195.829909,5854467.000,21837,1,B%,1,100, 1
1660671196.827685,5855440.000,21988,1,B%,1,100, 1
1660671197.826486,5856414.000,22152,1,B%,1,100, 1
1660671198.825288,5857388.000,22317,1,B%,1,100, 1
1660671199.823064,5858361.000,22467,1,B%,1,100, 1
1660671200.821865,5859335.000,22637,1,B%,1,100, 1
1660671201.818616,5860307.000,22785,1,B%,1,100, 1
1660671202.816392,5861280.000,22951,1,B%,1,100, 1
1660671203.816219,5862255.000,23118,1,B%,1,100, 1
1660671204.812969,5863227.000,23266,1,B%,1,100, 1
1660671205.812796,5864202.000,23420,1,B%,1,100, 1
1660671206.812623,5865177.000,23585,1,B%,1,100, 1
1660671207.811425,5866151.000,23750,1,B%,1,100, 1
1660671208.810226,5867125.000,23898,1,B%,1,100, 1
1660671209.808002,5868098.000,24063,1,B%,1,100, 1
1660671210.806804,5869072.000,24217,1,B%,1,100, 1
1660671211.806631,5870047.000,24382,1,B%,1,100, 1
1660671212.803381,5871019.000,24532,1,B%,1,100, 1
1660671213.802183,5871993.000,24699,1,B%,1,100, 1
1660671214.799959,5872966.000,24847,1,B%,1,100, 1
1660671215.799786,5873941.000,25018,1,B%,1,100, 1
1660671216.799613,5874916.000,25165,1,B%,1,100, 1
1660671217.798414,5875890.000,25331,1,B%,1,100, 1
1660671218.797215,5876864.000,25494,1,B%,1,100, 1
1660671219.796017,5877838.000,25647,1,B%,1,100, 1
1660671220.792768,5878810.000,25812,1,B%,1,100, 1
1660671221.790544,5879783.000,25966,1,B%,1,100, 1
1660671222.789345,5880757.000,26118,1,B%,1,100, 1
1660671223.790197,5881733.000,26283,1,B%,1,100, 1
1660671224.785923,5882704.000,26431,1,B%,1,100, 1
1660671225.786775,5883680.000,26596,1,B%,1,100, 1
1660671226.786602,5884655.000,26749,1,B%,1,100, 1
1660671227.786429,5885630.000,26913,1,B%,1,100, 1
1660671228.784205,5886603.000,27078,1,B%,1,100, 1
1660671229.783006,5887577.000,27230,1,B%,1,100, 1
1660671230.779757,5888549.000,27395,1,B%,1,100, 1
1660671231.778558,5889523.000,27549,1,B%,1,100, 1
1660671232.775309,5890495.000,27714,1,B%,1,100, 1
1660671233.776161,5891471.000,27862,1,B%,1,100, 1
1660671234.774963,5892445.000,28027,1,B%,1,100, 1
1660671235.773764,5893419.000,28176,1,B%,1,100, 1
1660671236.770515,5894391.000,28350,1,B%,1,100, 1
1660671237.771367,5895367.000,28498,1,B%,1,100, 1
1660671238.770169,5896341.000,28665,1,B%,1,100, 1
1660671239.768970,5897315.000,28832,1,B%,1,100, 1
1660671240.766746,5898288.000,28981,1,B%,1,100, 1
1660671241.764522,5899261.000,29149,1,B%,1,100, 1
1660671242.762298,5900234.000,29301,1,B%,1,100, 1
1660671243.762125,5901209.000,29451,1,B%,1,100, 1
1660671244.757850,5902180.000,29619,1,B%,1,100, 1
1660671245.758703,5903156.000,29786,1,B%,1,100, 1
1660671246.760581,5904133.000,29934,1,B%,1,100, 1
1660671247.758356,5905106.000,30110,1,B%,1,100, 1
1660671248.755107,5906078.000,30259,1,B%,1,100, 1
1660671249.754934,5907053.000,30428,1,B%,1,100, 1
1660671250.752710,5908026.000,30579,1,B%,1,100, 1
1660671251.752537,5909001.000,30745,1,B%,1,100, 1
1660671252.750313,5909974.000,30904,1,B%,1,100, 1
1660671253.751165,5910950.000,31073,1,B%,1,100, 1
1660671254.747916,5911922.000,31241,1,B%,1,100, 1
1660671255.748768,5912898.000,31391,1,B%,1,100, 1
1660671256.745519,5913870.000,31558,1,B%,1,100, 1
1660671257.746371,5914846.000,31714,1,B%,1,100, 1
1660671258.746198,5915821.000,31866,1,B%,1,100, 1
1660671259.742949,5916793.000,32017,1,B%,1,100, 1
1660671260.740725,5917766.000,32182,1,B%,1,100, 1
1660671261.740552,5918741.000,32349,1,B%,1,100, 1
1660671262.737302,5919713.000,32499,1,B%,1,100, 1
1660671263.736104,5920687.000,32673,1,B%,1,100, 1
1660671264.731829,5921658.000,32824,1,B%,1,100, 1
1660671265.732681,5922634.000,32989,1,B%,1,100, 1
1660671266.733534,5923610.000,33136,1,B%,1,100, 1
1660671267.732335,5924584.000,33304,1,B%,1,100, 1
1660671268.729086,5925556.000,33459,1,B%,1,100, 1
1660671269.728913,5926531.000,33608,1,B%,1,100, 1
1660671270.726689,5927504.000,33773,1,B%,1,100, 1
1660671271.725490,5928478.000,33922,1,B%,1,100, 1
1660671272.723266,5929451.000,34088,1,B%,1,100, 1
1660671273.724118,5930427.000,34240,1,B%,1,100, 1
1660671274.721895,5931400.000,34405,1,B%,1,100, 1
1660671275.721721,5932375.000,34554,1,B%,1,100, 1
1660671276.719497,5933348.000,34720,1,B%,1,100, 1
1660671277.720350,5934324.000,34885,1,B%,1,100, 1
1660671278.720177,5935299.000,35038,1,B%,1,100, 1
1660671279.715902,5936270.000,35192,1,B%,1,100, 1
1660671280.713678,5937243.000,35359,1,B%,1,100, 1
1660671281.713505,5938218.000,35511,1,B%,1,100, 1
1660671282.711281,5939191.000,35676,1,B%,1,100, 1
1660671283.709057,5940164.000,35824,1,B%,1,100, 1
1660671284.705807,5941136.000,35980,1,B%,1,100, 1
1660671285.705634,5942111.000,36145,1,B%,1,100, 1
1660671286.704436,5943085.000,36293,1,B%,1,100, 1
1660671287.702212,5944058.000,36459,1,B%,1,100, 1
1660671288.699988,5945031.000,36626,1,B%,1,100, 1
1660671289.699815,5946006.000,36766,1,B%,1,100, 1
1660671290.696565,5946978.000,36932,1,B%,1,100, 1
1660671291.692290,5947949.000,37083,1,B%,1,100, 1
1660671292.691092,5948923.000,37250,1,B%,1,100, 1
1660671293.691944,5949899.000,37398,1,B%,1,100, 1
1660671294.688695,5950871.000,37554,1,B%,1,100, 1
1660671295.688522,5951846.000,37717,1,B%,1,100, 1
1660671296.686298,5952819.000,37882,1,B%,1,100, 1
1660671297.686125,5953794.000,38030,1,B%,1,100, 1
1660671298.684926,5954768.000,38195,1,B%,1,100, 1
1660671299.681677,5955740.000,38343,1,B%,1,100, 1
1660671300.679453,5956713.000,38501,1,B%,1,100, 1
1660671301.681331,5957690.000,38668,1,B%,1,100, 1
1660671302.678081,5958662.000,38820,1,B%,1,100, 1
1660671303.675857,5959635.000,38984,1,B%,1,100, 1
1660671304.673633,5960608.000,39151,1,B%,1,100, 1
1660671305.673460,5961583.000,39306,1,B%,1,100, 1
1660671306.672262,5962557.000,39457,1,B%,1,100, 1
1660671307.671063,5963531.000,39622,1,B%,1,100, 1
1660671308.669865,5964505.000,39771,1,B%,1,100, 1
1660671309.667641,5965478.000,39941,1,B%,1,100, 1
1660671310.664391,5966450.000,40099,1,B%,1,100, 1
1660671311.662167,5967423.000,40266,1,B%,1,100, 1
1660671312.660969,5968397.000,40414,1,B%,1,100, 1
1660671313.660796,5969372.000,40581,1,B%,1,100, 1
1660671314.658571,5970345.000,40731,1,B%,1,100, 1
1660671315.659424,5971321.000,40904,1,B%,1,100, 1
1660671316.655149,5972292.000,41052,1,B%,1,100, 1
1660671317.654976,5973267.000,41202,1,B%,1,100, 1
1660671318.652752,5974240.000,41368,1,B%,1,100, 1
1660671319.650528,5975213.000,41535,1,B%,1,100, 1
1660671320.649329,5976187.000,41685,1,B%,1,100, 1
1660671321.651207,5977164.000,41841,1,B%,1,100, 1
1660671322.646932,5978135.000,42008,1,B%,1,100, 1
1660671323.644708,5979108.000,42158,1,B%,1,100, 1
1660671324.642484,5980081.000,42325,1,B%,1,100, 1
1660671325.642311,5981056.000,42473,1,B%,1,100, 1
1660671326.642138,5982031.000,42628,1,B%,1,100, 1
1660671327.641965,5983006.000,42778,1,B%,1,100, 1
1660671328.639741,5983979.000,42945,1,B%,1,100, 1
1660671329.637517,5984952.000,43094,1,B%,1,100, 1
1660671330.636319,5985926.000,43261,1,B%,1,100, 1
1660671331.633069,5986898.000,43417,1,B%,1,100, 1
1660671332.631871,5987872.000,43567,1,B%,1,100, 1
1660671333.633749,5988849.000,43716,1,B%,1,100, 1
1660671334.629474,5989820.000,43866,1,B%,1,100, 1
1660671335.629301,5990795.000,44029,1,B%,1,100, 1
1660671336.629128,5991770.000,44198,1,B%,1,100, 1
1660671337.627929,5992744.000,44352,1,B%,1,100, 1
1660671338.625705,5993717.000,44500,1,B%,1,100, 1
1660671339.623481,5994690.000,44667,1,B%,1,100, 1
1660671340.621257,5995663.000,44816,1,B%,1,100, 1
1660671341.621084,5996638.000,44962,1,B%,1,100, 1
1660671342.617835,5997610.000,45119,1,B%,1,100, 1
1660671343.616636,5998584.000,45237,1,B%,1,100, 1
1660671344.614412,5999557.000,45385,1,B%,1,100, 1
1660671345.614239,6000532.000,45535,1,B%,1,100, 1
1660671346.612015,6001505.000,45703,1,B%,1,100, 1
1660671347.612868,6002481.000,45858,1,B%,1,100, 1
1660671348.611669,6003455.000,46009,1,B%,1,100, 1
1660671349.609445,6004428.000,46173,1,B%,1,100, 1
1660671350.607221,6005401.000,46337,1,B%,1,100, 1
1660671351.606023,6006375.000,46487,1,B%,1,100, 1
1660671352.604824,6007349.000,46644,1,B%,1,100, 1
1660671353.604651,6008324.000,46809,1,B%,1,100, 1
1660671354.600376,6009295.000,46959,1,B%,1,100, 1
1660671355.601228,6010271.000,47125,1,B%,1,100, 1
1660671356.601055,6011246.000,47289,1,B%,1,100, 1
1660671357.600882,6012221.000,47438,1,B%,1,100, 1
1660671358.598658,6013194.000,47593,1,B%,1,100, 1
1660671359.597460,6014168.000,47758,1,B%,1,100, 1
1660671360.595236,6015141.000,47907,1,B%,1,100, 1
1660671361.595063,6016116.000,48074,1,B%,1,100, 1
1660671362.591813,6017088.000,48222,1,B%,1,100, 1
1660671363.592666,6018064.000,48364,1,B%,1,100, 1
1660671364.590442,6019037.000,48529,1,B%,1,100, 1
1660671365.590269,6020012.000,48694,1,B%,1,100, 1
1660671366.587019,6020984.000,48846,1,B%,1,100, 1
1660671367.587872,6021960.000,49013,1,B%,1,100, 1
1660671368.585648,6022933.000,49167,1,B%,1,100, 1
1660671369.583424,6023906.000,49317,1,B%,1,100, 1
1660671370.581200,6024879.000,49486,1,B%,1,100, 1
1660671371.578976,6025852.000,49651,1,B%,1,100, 1
1660671372.575726,6026824.000,49800,1,B%,1,100, 1
1660671373.575553,6027799.000,49972,1,B%,1,100, 1
1660671374.572304,6028771.000,50122,1,B%,1,100, 1
1660671375.573156,6029747.000,50273,1,B%,1,100, 1
1660671376.574008,6030723.000,50438,1,B%,1,100, 1
1660671377.571784,6031696.000,50603,1,B%,1,100, 1
1660671378.567510,6032667.000,50753,1,B%,1,100, 1
1660671379.567337,6033642.000,50905,1,B%,1,100, 1
1660671380.564087,6034614.000,51072,1,B%,1,100, 1
1660671381.563914,6035589.000,51224,1,B%,1,100, 1
1660671382.560665,6036561.000,51391,1,B%,1,100, 1
1660671383.561517,6037537.000,51540,1,B%,1,100, 1
1660671384.558268,6038509.000,51697,1,B%,1,100, 1
1660671385.559120,6039485.000,51862,1,B%,1,100, 1
1660671386.554845,6040456.000,52011,1,B%,1,100, 1
1660671387.555697,6041432.000,52175,1,B%,1,100, 1
1660671388.556550,6042408.000,52339,1,B%,1,100, 1
1660671389.553300,6043380.000,52494,1,B%,1,100, 1
1660671390.550051,6044352.000,52645,1,B%,1,100, 1
1660671391.549878,6045327.000,52812,1,B%,1,100, 1
1660671392.547654,6046300.000,52962,1,B%,1,100, 1
1660671393.547481,6047275.000,53127,1,B%,1,100, 1
1660671394.544231,6048247.000,53277,1,B%,1,100, 1
1660671395.545084,6049223.000,53430,1,B%,1,100, 1
1660671396.544911,6050198.000,53596,1,B%,1,100, 1
1660671397.543712,6051172.000,53761,1,B%,1,100, 1
1660671398.540463,6052144.000,53910,1,B%,1,100, 1
1660671399.539264,6053118.000,54060,1,B%,1,100, 1
1660671400.537040,6054091.000,54216,1,B%,1,100, 1
1660671401.535842,6055065.000,54381,1,B%,1,100, 1
1660671402.533618,6056038.000,54531,1,B%,1,100, 1
1660671403.533445,6057013.000,54694,1,B%,1,100, 1
1660671404.531221,6057986.000,54859,1,B%,1,100, 1
1660671405.531048,6058961.000,54997,1,B%,1,100, 1
1660671406.528824,6059934.000,55162,1,B%,1,100, 1
1660671407.530702,6060911.000,55312,1,B%,1,100, 1
1660671408.530529,6061886.000,55477,1,B%,1,100, 1
1660671409.526253,6062857.000,55625,1,B%,1,100, 1
1660671410.523004,6063829.000,55782,1,B%,1,100, 1
1660671411.523856,6064805.000,55931,1,B%,1,100, 1
1660671412.521632,6065778.000,56097,1,B%,1,100, 1
1660671413.521460,6066753.000,56245,1,B%,1,100, 1
1660671414.518210,6067725.000,56413,1,B%,1,100, 1
1660671415.519063,6068701.000,56578,1,B%,1,100, 1
1660671416.518889,6069676.000,56733,1,B%,1,100, 1
1660671417.517691,6070650.000,56883,1,B%,1,100, 1
1660671418.515467,6071623.000,57051,1,B%,1,100, 1
1660671419.516319,6072599.000,57216,1,B%,1,100, 1
1660671420.514095,6073572.000,57364,1,B%,1,100, 1
1660671421.510846,6074544.000,57520,1,B%,1,100, 1
1660671422.509647,6075518.000,57685,1,B%,1,100, 1
1660671423.511525,6076495.000,57832,1,B%,1,100, 1
1660671424.508276,6077467.000,58000,1,B%,1,100, 1
1660671425.509128,6078443.000,58165,1,B%,1,100, 1
1660671426.506904,6079416.000,58317,1,B%,1,100, 1
1660671427.507756,6080392.000,58465,1,B%,1,100, 1
1660671428.505533,6081365.000,58632,1,B%,1,100, 1
1660671429.503309,6082338.000,58784,1,B%,1,100, 1
1660671430.501085,6083311.000,58954,1,B%,1,100, 1
1660671431.502962,6084288.000,59124,1,B%,1,100, 1
1660671432.498688,6085259.000,59258,1,B%,1,100, 1
1660671433.496464,6086232.000,59425,1,B%,1,100, 1
1660671434.494240,6087205.000,59557,1,B%,1,100, 1
1660671435.494066,6088180.000,59723,1,B%,1,100, 1
1660671436.492868,6089154.000,59873,1,B%,1,100, 1
1660671437.492695,6090129.000,60027,1,B%,1,100, 1
1660671438.491496,6091103.000,60179,1,B%,1,100, 1
1660671439.490298,6092077.000,60348,1,B%,1,100, 1
1660671440.488074,6093050.000,60499,1,B%,1,100, 1
1660671441.485850,6094023.000,60666,1,B%,1,100, 1
1660671442.484651,6094997.000,60822,1,B%,1,100, 1
1660671443.485504,6095973.000,60970,1,B%,1,100, 1
1660671444.483280,6096946.000,61135,1,B%,1,100, 1
1660671445.484132,6097922.000,61288,1,B%,1,100, 1
1660671446.480883,6098894.000,61453,1,B%,1,100, 1
1660671447.480710,6099869.000,61592,1,B%,1,100, 1
1660671448.478486,6100842.000,61741,1,B%,1,100, 1
1660671449.475236,6101814.000,61908,1,B%,1,100, 1
1660671450.471987,6102786.000,61993,1,B%,1,100, 1
1660671451.473865,6103763.000,62160,1,B%,1,100, 1
1660671452.469590,6104734.000,62310,1,B%,1,100, 1
1660671453.466340,6105706.000,62466,1,B%,1,100, 1
1660671454.465142,6106680.000,62631,1,B%,1,100, 1
1660671455.464969,6107655.000,62780,1,B%,1,100, 1
1660671456.464796,6108630.000,62948,1,B%,1,100, 1
1660671457.463597,6109604.000,63113,1,B%,1,100, 1
1660671458.462399,6110578.000,63265,1,B%,1,100, 1
1660671459.460175,6111551.000,63413,1,B%,1,100, 1
1660671460.458976,6112525.000,63578,1,B%,1,100, 1
1660671461.454701,6113496.000,63727,1,B%,1,100, 1
1660671462.453503,6114470.000,63896,1,B%,1,100, 1
1660671463.455380,6115447.000,64053,1,B%,1,100, 1
1660671464.451106,6116418.000,64204,1,B%,1,100, 1
1660671465.449907,6117392.000,64369,1,B%,1,100, 1
1660671466.449734,6118367.000,64516,1,B%,1,100, 1
1660671467.448535,6119341.000,64680,1,B%,1,100, 1
1660671468.446311,6120314.000,64836,1,B%,1,100, 1
1660671469.443062,6121286.000,65003,1,B%,1,100, 1
1660671470.441864,6122260.000,65153,1,B%,1,100, 1
1660671471.441690,6123235.000,65304,1,B%,1,100, 1
1660671472.438441,6124207.000,65469,1,B%,1,100, 1
1660671473.436217,6125180.000,80,1,B%,1,100, 1
1660671474.433993,6126153.000,239,1,B%,1,100, 1
1660671475.433820,6127128.000,408,1,B%,1,100, 1
1660671476.433647,6128103.000,557,1,B%,1,100, 1
1660671477.432448,6129077.000,723,1,B%,1,100, 1
1660671478.430224,6130050.000,891,1,B%,1,100, 1
1660671479.428000,6131023.000,1047,1,B%,1,100, 1
1660671480.424751,6131995.000,1196,1,B%,1,100, 1
1660671481.422527,6132968.000,1362,1,B%,1,100, 1
1660671482.421329,6133942.000,1529,1,B%,1,100, 1
1660671483.422181,6134918.000,1679,1,B%,1,100, 1
1660671484.416881,6135888.000,1851,1,B%,1,100, 1
1660671485.416708,6136863.000,2002,1,B%,1,100, 1
1660671486.415509,6137837.000,2167,1,B%,1,100, 1
1660671487.414310,6138811.000,2314,1,B%,1,100, 1
1660671488.412086,6139784.000,2484,1,B%,1,100, 1
1660671489.409863,6140757.000,2638,1,B%,1,100, 1
1660671490.406613,6141729.000,2805,1,B%,1,100, 1
1660671491.406440,6142704.000,2972,1,B%,1,100, 1
1660671492.403190,6143676.000,3120,1,B%,1,100, 1
1660671493.401992,6144650.000,3285,1,B%,1,100, 1
1660671494.400794,6145624.000,3436,1,B%,1,100, 1
1660671495.400620,6146599.000,3608,1,B%,1,100, 1
1660671496.397371,6147571.000,3756,1,B%,1,100, 1
1660671497.398223,6148547.000,3923,1,B%,1,100, 1
1660671498.397025,6149521.000,4074,1,B%,1,100, 1
1660671499.394801,6150494.000,4237,1,B%,1,100, 1
1660671500.393602,6151468.000,4392,1,B%,1,100, 1
1660671501.391378,6152441.000,4561,1,B%,1,100, 1
1660671502.390180,6153415.000,4709,1,B%,1,100, 1
1660671503.390007,6154390.000,4875,1,B%,1,100, 1
1660671504.386757,6155362.000,5042,1,B%,1,100, 1
1660671505.386584,6156337.000,5196,1,B%,1,100, 1
1660671506.388462,6157314.000,5346,1,B%,1,100, 1
1660671507.386238,6158287.000,5511,1,B%,1,100, 1
1660671508.382989,6159259.000,5659,1,B%,1,100, 1
1660671509.381790,6160233.000,5826,1,B%,1,100, 1
1660671510.379566,6161206.000,5979,1,B%,1,100, 1
1660671511.378368,6162180.000,6143,1,B%,1,100, 1
1660671512.375118,6163152.000,6310,1,B%,1,100, 1
1660671513.375971,6164128.000,6460,1,B%,1,100, 1
1660671514.373747,6165101.000,6625,1,B%,1,100, 1
1660671515.373574,6166076.000,6773,1,B%,1,100, 1
1660671516.371350,6167049.000,6944,1,B%,1,100, 1
1660671517.372202,6168025.000,7092,1,B%,1,100, 1
1660671518.371003,6168999.000,7257,1,B%,1,100, 1
1660671519.369805,6169973.000,7424,1,B%,1,100, 1
1660671520.368606,6170947.000,7573,1,B%,1,100, 1
1660671521.366382,6171920.000,7727,1,B%,1,100, 1
1660671522.364158,6172893.000,7895,1,B%,1,100, 1
1660671523.361934,6173866.000,8064,1,B%,1,100, 1
1660671524.358685,6174838.000,8215,1,B%,1,100, 1
1660671525.359537,6175814.000,8382,1,B%,1,100, 1
1660671526.359364,6176789.000,8550,1,B%,1,100, 1
1660671527.356115,6177761.000,8700,1,B%,1,100, 1
1660671528.352865,6178733.000,8865,1,B%,1,100, 1
1660671529.351667,6179707.000,9013,1,B%,1,100, 1
1660671530.349443,6180680.000,9179,1,B%,1,100, 1
1660671531.348244,6181654.000,9349,1,B%,1,100, 1
1660671532.346020,6182627.000,9499,1,B%,1,100, 1
1660671533.344822,6183601.000,9668,1,B%,1,100, 1
1660671534.341573,6184573.000,9816,1,B%,1,100, 1
1660671535.341399,6185548.000,9982,1,B%,1,100, 1
1660671536.338150,6186520.000,10147,1,B%,1,100, 1
1660671537.339002,6187496.000,10304,1,B%,1,100, 1
1660671538.338829,6188471.000,10471,1,B%,1,100, 1
1660671539.334554,6189442.000,10620,1,B%,1,100, 1
1660671540.333356,6190416.000,10785,1,B%,1,100, 1
1660671541.333183,6191391.000,10936,1,B%,1,100, 1
1660671542.329933,6192363.000,11109,1,B%,1,100, 1
1660671543.328735,6193337.000,11260,1,B%,1,100, 1
1660671544.326511,6194310.000,11427,1,B%,1,100, 1
1660671545.327363,6195286.000,11574,1,B%,1,100, 1
1660671546.327190,6196261.000,11740,1,B%,1,100, 1
1660671547.325992,6197235.000,11896,1,B%,1,100, 1
1660671548.323768,6198208.000,12063,1,B%,1,100, 1
1660671549.323595,6199183.000,12228,1,B%,1,100, 1
1660671550.320345,6200155.000,12378,1,B%,1,100, 1
1660671551.317096,6201127.000,12545,1,B%,1,100, 1
1660671552.314872,6202100.000,12701,1,B%,1,100, 1
1660671553.315724,6203076.000,12848,1,B%,1,100, 1
1660671554.312475,6204048.000,13014,1,B%,1,100, 1
1660671555.312302,6205023.000,13164,1,B%,1,100, 1
1660671556.310078,6205996.000,13332,1,B%,1,100, 1
1660671557.309905,6206971.000,13497,1,B%,1,100, 1
1660671558.308706,6207945.000,13652,1,B%,1,100, 1
1660671559.306482,6208918.000,13817,1,B%,1,100, 1
1660671560.303233,6209890.000,13968,1,B%,1,100, 1
1660671561.304085,6210866.000,14132,1,B%,1,100, 1
1660671562.301861,6211839.000,14298,1,B%,1,100, 1
1660671563.301688,6212814.000,14453,1,B%,1,100, 1
1660671564.298439,6213786.000,14602,1,B%,1,100, 1
1660671565.298265,6214761.000,14765,1,B%,1,100, 1
1660671566.298092,6215736.000,14930,1,B%,1,100, 1
1660671567.296894,6216710.000,15080,1,B%,1,100, 1
1660671568.294670,6217683.000,15235,1,B%,1,100, 1
1660671569.293471,6218657.000,15401,1,B%,1,100, 1
1660671570.291247,6219630.000,15566,1,B%,1,100, 1
1660671571.289023,6220603.000,15714,1,B%,1,100, 1
1660671572.287825,6221577.000,15879,1,B%,1,100, 1
1660671573.288677,6222553.000,16033,1,B%,1,100, 1
1660671574.286453,6223526.000,16200,1,B%,1,100, 1
1660671575.287306,6224502.000,16348,1,B%,1,100, 1
1660671576.284056,6225474.000,16513,1,B%,1,100, 1
1660671577.283883,6226449.000,16666,1,B%,1,100, 1
1660671578.280634,6227421.000,16813,1,B%,1,100, 1
1660671579.278410,6228394.000,16988,1,B%,1,100, 1
1660671580.277211,6229368.000,17138,1,B%,1,100, 1
1660671581.278064,6230344.000,17304,1,B%,1,100, 1
1660671582.272763,6231314.000,17469,1,B%,1,100, 1
1660671583.271565,6232288.000,17618,1,B%,1,100, 1
1660671584.269341,6233261.000,17791,1,B%,1,100, 1
1660671585.269168,6234236.000,17939,1,B%,1,100, 1
1660671586.266944,6235209.000,18105,1,B%,1,100, 1
1660671587.266771,6236184.000,18272,1,B%,1,100, 1
1660671588.265572,6237158.000,18422,1,B%,1,100, 1
1660671589.263348,6238131.000,18593,1,B%,1,100, 1
1660671590.260099,6239103.000,18744,1,B%,1,100, 1
1660671591.257875,6240076.000,18909,1,B%,1,100, 1
1660671592.257702,6241051.000,19056,1,B%,1,100, 1
1660671593.259579,6242028.000,19222,1,B%,1,100, 1
1660671594.254279,6242998.000,19392,1,B%,1,100, 1
1660671595.254106,6243973.000,19544,1,B%,1,100, 1
1660671596.254958,6244949.000,19708,1,B%,1,100, 1
1660671597.253760,6245923.000,19856,1,B%,1,100, 1
1660671598.251536,6246896.000,20021,1,B%,1,100, 1
1660671599.249312,6247869.000,20171,1,B%,1,100, 1
1660671600.248113,6248843.000,20344,1,B%,1,100, 1
1660671601.247940,6249818.000,20491,1,B%,1,100, 1
1660671602.244691,6250790.000,20659,1,B%,1,100, 1
1660671603.243492,6251764.000,20826,1,B%,1,100, 1
1660671604.242294,6252738.000,20975,1,B%,1,100, 1
1660671605.242121,6253713.000,21146,1,B%,1,100, 1
1660671606.238871,6254685.000,21310,1,B%,1,100, 1
1660671607.239724,6255661.000,21458,1,B%,1,100, 1
1660671608.238525,6256635.000,21623,1,B%,1,100, 1
1660671609.236301,6257608.000,21774,1,B%,1,100, 1
1660671610.234077,6258581.000,21944,1,B%,1,100, 1
1660671611.232879,6259555.000,22094,1,B%,1,100, 1
1660671612.231680,6260529.000,22243,1,B%,1,100, 1
1660671613.231507,6261504.000,22408,1,B%,1,100, 1
1660671614.228258,6262476.000,22559,1,B%,1,100, 1
1660671615.229110,6263452.000,22725,1,B%,1,100, 1
1660671616.228937,6264427.000,22880,1,B%,1,100, 1
1660671617.228764,6265402.000,23044,1,B%,1,100, 1
1660671618.226540,6266375.000,23211,1,B%,1,100, 1
1660671619.225342,6267349.000,23360,1,B%,1,100, 1
1660671620.223118,6268322.000,23525,1,B%,1,100, 1
1660671621.221919,6269296.000,23678,1,B%,1,100, 1
1660671622.218669,6270268.000,23845,1,B%,1,100, 1
1660671623.219522,6271244.000,23993,1,B%,1,100, 1
1660671624.218323,6272218.000,24159,1,B%,1,100, 1
1660671625.218150,6273193.000,24326,1,B%,1,100, 1
1660671626.213876,6274164.000,24479,1,B%,1,100, 1
1660671627.213702,6275139.000,24645,1,B%,1,100, 1
1660671628.212504,6276113.000,24811,1,B%,1,100, 1
1660671629.211305,6277087.000,24960,1,B%,1,100, 1
1660671630.209081,6278060.000,25127,1,B%,1,100, 1
1660671631.206857,6279033.000,25280,1,B%,1,100, 1
1660671632.204633,6280006.000,25447,1,B%,1,100, 1
1660671633.204460,6280981.000,25596,1,B%,1,100, 1
1660671634.201211,6281953.000,25763,1,B%,1,100, 1
1660671635.202063,6282929.000,25911,1,B%,1,100, 1
1660671636.202916,6283905.000,26078,1,B%,1,100, 1
1660671637.199666,6284877.000,26232,1,B%,1,100, 1
1660671638.196417,6285849.000,26399,1,B%,1,100, 1
1660671639.195218,6286823.000,26547,1,B%,1,100, 1
1660671640.192994,6287796.000,26714,1,B%,1,100, 1
1660671641.191796,6288770.000,26879,1,B%,1,100, 1
1660671642.189572,6289743.000,27033,1,B%,1,100, 1
1660671643.189399,6290718.000,27198,1,B%,1,100, 1
1660671644.186149,6291690.000,27348,1,B%,1,100, 1
1660671645.185976,6292665.000,27517,1,B%,1,100, 1
1660671646.183752,6293638.000,27665,1,B%,1,100, 1
1660671647.185630,6294615.000,27836,1,B%,1,100, 1
1660671648.185457,6295590.000,27986,1,B%,1,100, 1
1660671649.181182,6296561.000,28151,1,B%,1,100, 1
1660671650.179984,6297535.000,28302,1,B%,1,100, 1
1660671651.180836,6298511.000,28469,1,B%,1,100, 1
1660671652.177587,6299483.000,28622,1,B%,1,100, 1
1660671653.177413,6300458.000,28787,1,B%,1,100, 1
1660671654.174164,6301430.000,28937,1,B%,1,100, 1
1660671655.173991,6302405.000,29103,1,B%,1,100, 1
1660671656.174843,6303381.000,29270,1,B%,1,100, 1
1660671657.174670,6304356.000,29420,1,B%,1,100, 1
1660671658.171421,6305328.000,29590,1,B%,1,100, 1
1660671659.171248,6306303.000,29757,1,B%,1,100, 1
1660671660.170049,6307277.000,29906,1,B%,1,100, 1
1660671661.167825,6308250.000,30071,1,B%,1,100, 1
1660671662.165601,6309223.000,30219,1,B%,1,100, 1
1660671663.166454,6310199.000,30391,1,B%,1,100, 1
1660671664.163204,6311171.000,30540,1,B%,1,100, 1
1660671665.164057,6312147.000,30705,1,B%,1,100, 1
1660671666.160807,6313119.000,30852,1,B%,1,100, 1
1660671667.160634,6314094.000,31016,1,B%,1,100, 1
1660671668.158410,6315067.000,31172,1,B%,1,100, 1
1660671669.156186,6316040.000,31338,1,B%,1,100, 1
1660671670.153962,6317013.000,31502,1,B%,1,100, 1
1660671671.155840,6317990.000,31650,1,B%,1,100, 1
1660671672.151565,6318961.000,31815,1,B%,1,100, 1
1660671673.149341,6319934.000,31968,1,B%,1,100, 1
1660671674.147117,6320907.000,32134,1,B%,1,100, 1
1660671675.146944,6321882.000,32303,1,B%,1,100, 1
1660671676.144720,6322855.000,32453,1,B%,1,100, 1
1660671677.143522,6323829.000,32618,1,B%,1,100, 1
1660671678.142323,6324803.000,32768,1,B%,1,100, 1
1660671679.140099,6325776.000,32923,1,B%,1,100, 1
1660671680.138901,6326750.000,33072,1,B%,1,100, 1
1660671681.135651,6327722.000,33240,1,B%,1,100, 1
1660671682.134453,6328696.000,33391,1,B%,1,100, 1
1660671683.135305,6329672.000,33558,1,B%,1,100, 1
1660671684.133081,6330645.000,33698,1,B%,1,100, 1
1660671685.132908,6331620.000,33864,1,B%,1,100, 1
1660671686.131709,6332594.000,34031,1,B%,1,100, 1
1660671687.131536,6333569.000,34180,1,B%,1,100, 1
1660671688.129312,6334542.000,34347,1,B%,1,100, 1
1660671689.127088,6335515.000,34505,1,B%,1,100, 1
1660671690.124864,6336488.000,34655,1,B%,1,100, 1
1660671691.124691,6337463.000,34819,1,B%,1,100, 1
1660671692.120416,6338434.000,34970,1,B%,1,100, 1
1660671693.119218,6339408.000,35136,1,B%,1,100, 1
1660671694.116994,6340381.000,35307,1,B%,1,100, 1
1660671695.116821,6341356.000,35438,1,B%,1,100, 1
1660671696.116648,6342331.000,35606,1,B%,1,100, 1
1660671697.116475,6343306.000,35773,1,B%,1,100, 1
1660671698.114251,6344279.000,35923,1,B%,1,100, 1
1660671699.112027,6345252.000,36090,1,B%,1,100, 1
1660671700.109803,6346225.000,36228,1,B%,1,100, 1
1660671701.107579,6347198.000,36392,1,B%,1,100, 1
1660671702.107406,6348173.000,36559,1,B%,1,100, 1
1660671703.108258,6349149.000,36708,1,B%,1,100, 1
1660671704.102958,6350119.000,36873,1,B%,1,100, 1
1660671705.102785,6351094.000,37010,1,B%,1,100, 1
1660671706.103637,6352070.000,37175,1,B%,1,100, 1
1660671707.103464,6353045.000,37326,1,B%,1,100, 1
1660671708.101240,6354018.000,37491,1,B%,1,100, 1
1660671709.099016,6354991.000,37640,1,B%,1,100, 1
1660671710.097818,6355965.000,37797,1,B%,1,100, 1
1660671711.097645,6356940.000,37947,1,B%,1,100, 1
1660671712.093369,6357911.000,38113,1,B%,1,100, 1
1660671713.093196,6358886.000,38278,1,B%,1,100, 1
1660671714.093024,6359861.000,38426,1,B%,1,100, 1
1660671715.092850,6360836.000,38592,1,B%,1,100, 1
1660671716.087550,6361806.000,38746,1,B%,1,100, 1
1660671717.088403,6362782.000,38895,1,B%,1,100, 1
1660671718.088229,6363757.000,39059,1,B%,1,100, 1
1660671719.086005,6364730.000,39210,1,B%,1,100, 1
1660671720.082756,6365702.000,39375,1,B%,1,100, 1
1660671721.080532,6366675.000,39514,1,B%,1,100, 1
1660671722.078308,6367648.000,39681,1,B%,1,100, 1
1660671723.078135,6368623.000,39846,1,B%,1,100, 1
1660671724.073860,6369594.000,39997,1,B%,1,100, 1
1660671725.073687,6370569.000,40162,1,B%,1,100, 2
1660671726.074539,6371545.000,40315,1,B%,1,100, 1
1660671727.073341,6372519.000,40466,1,B%,1,100, 1
1660671728.069066,6373490.000,40631,1,B%,1,100, 1
1660671729.067867,6374464.000,40781,1,B%,1,100, 1
1660671730.065643,6375437.000,40948,1,B%,1,100, 1
1660671731.065470,6376412.000,41102,1,B%,1,100, 1
1660671732.063246,6377385.000,41249,1,B%,1,100, 1
1660671733.062048,6378359.000,41415,1,B%,1,100, 1
1660671734.058798,6379331.000,41582,1,B%,1,100, 1
1660671735.059651,6380307.000,41733,1,B%,1,100, 1
1660671736.056401,6381279.000,41902,1,B%,1,100, 1
1660671737.056228,6382254.000,42057,1,B%,1,100, 1
1660671738.055030,6383228.000,42208,1,B%,1,100, 1
1660671739.053831,6384202.000,42372,1,B%,1,100, 1
1660671740.051607,6385175.000,42540,1,B%,1,100, 1
1660671741.050409,6386149.000,42690,1,B%,1,100, 1
1660671742.047159,6387121.000,42844,1,B%,1,100, 1
1660671743.046986,6388096.000,43009,1,B%,1,100, 1
1660671744.043737,6389068.000,43158,1,B%,1,100, 1
1660671745.044589,6390044.000,43322,1,B%,1,100, 1
1660671746.044416,6391019.000,43489,1,B%,1,100, 1
1660671747.042192,6391992.000,43631,1,B%,1,100, 1
1660671748.038943,6392964.000,43797,1,B%,1,100, 1
1660671749.037744,6393938.000,43964,1,B%,1,100, 1
1660671750.035520,6394911.000,44112,1,B%,1,100, 1
1660671751.036372,6395887.000,44277,1,B%,1,100, 1
1660671752.033123,6396859.000,44431,1,B%,1,100, 1
1660671753.032950,6397834.000,44562,1,B%,1,100, 1
1660671754.029701,6398806.000,44728,1,B%,1,100, 1
1660671755.030553,6399782.000,44875,1,B%,1,100, 1
1660671756.027303,6400754.000,45041,1,B%,1,100, 1
1660671757.028156,6401730.000,45206,1,B%,1,100, 1
1660671758.027983,6402705.000,45345,1,B%,1,100, 1
1660671759.024733,6403677.000,45509,1,B%,1,100, 1
1660671760.022509,6404650.000,45659,1,B%,1,100, 1
1660671761.022336,6405625.000,45825,1,B%,1,100, 1
1660671762.019087,6406597.000,45990,1,B%,1,100, 1
1660671763.018914,6407572.000,46144,1,B%,1,100, 1
1660671764.015664,6408544.000,46292,1,B%,1,100, 1
1660671765.015491,6409519.000,46457,1,B%,1,100, 1
1660671766.014293,6410493.000,46607,1,B%,1,100, 1
1660671767.013094,6411467.000,46771,1,B%,1,100, 1
1660671768.010870,6412440.000,46928,1,B%,1,100, 1
1660671769.011723,6413416.000,47093,1,B%,1,100, 1
1660671770.009499,6414389.000,47242,1,B%,1,100, 1
1660671771.006249,6415361.000,47407,1,B%,1,100, 1
1660671772.005051,6416335.000,47555,1,B%,1,100, 1
1660671773.006929,6417312.000,47718,1,B%,1,100, 1
1660671774.003679,6418284.000,47872,1,B%,1,100, 1
1660671775.004532,6419260.000,48020,1,B%,1,100, 1
1660671776.002308,6420233.000,48185,1,B%,1,100, 1
1660671777.003160,6421209.000,48333,1,B%,1,100, 1
1660671778.000936,6422182.000,48501,1,B%,1,100, 1
1660671778.997687,6423154.000,48640,1,B%,1,100, 1
1660671779.995463,6424127.000,48805,1,B%,1,100, 1
1660671780.997340,6425104.000,48953,1,B%,1,100, 1
1660671781.994091,6426076.000,49119,1,B%,1,100, 1
1660671782.991867,6427049.000,49286,1,B%,1,100, 1
1660671783.989643,6428022.000,49425,1,B%,1,100, 1
1660671784.988445,6428996.000,49574,1,B%,1,100, 1
1660671785.987246,6429970.000,49739,1,B%,1,100, 1
1660671786.987073,6430945.000,49871,1,B%,1,100, 1
1660671787.985874,6431919.000,50036,1,B%,1,100, 1
1660671788.983650,6432892.000,50191,1,B%,1,100, 1
1660671789.981426,6433865.000,50340,1,B%,1,100, 1
1660671790.977152,6434836.000,50505,1,B%,1,100, 1
1660671791.975953,6435810.000,50653,1,B%,1,100, 1
1660671792.977831,6436787.000,50817,1,B%,1,100, 1
1660671793.973556,6437758.000,50966,1,B%,1,100, 1
1660671794.973383,6438733.000,51118,1,B%,1,100, 1
1660671795.972184,6439707.000,51283,1,B%,1,100, 1
1660671796.970986,6440681.000,51432,1,B%,1,100, 1
1660671797.968762,6441654.000,51597,1,B%,1,100, 1
1660671798.966538,6442627.000,51744,1,B%,1,100, 1
1660671799.963288,6443599.000,51899,1,B%,1,100, 1
1660671800.964141,6444575.000,52047,1,B%,1,100, 1
1660671801.961917,6445548.000,52213,1,B%,1,100, 1
1660671802.959693,6446521.000,52378,1,B%,1,100, 1
1660671803.958494,6447495.000,52528,1,B%,1,100, 1
1660671804.958321,6448470.000,52680,1,B%,1,100, 1
1660671805.954046,6449441.000,52845,1,B%,1,100, 1
1660671806.954899,6450417.000,52993,1,B%,1,100, 1
1660671807.953700,6451391.000,53158,1,B%,1,100, 1
1660671808.951476,6452364.000,53306,1,B%,1,100, 1
1660671809.950278,6453338.000,53461,1,B%,1,100, 1
1660671810.948054,6454311.000,53609,1,B%,1,100, 1
1660671811.945830,6455284.000,53774,1,B%,1,100, 1
1660671812.945657,6456259.000,53922,1,B%,1,100, 1
1660671813.942407,6457231.000,54088,1,B%,1,100, 1
1660671814.943260,6458207.000,54253,1,B%,1,100, 1
1660671815.944112,6459183.000,54391,1,B%,1,100, 1
1660671816.941888,6460156.000,54540,1,B%,1,100, 1
1660671817.938639,6461128.000,54705,1,B%,1,100, 1
1660671818.937440,6462102.000,54852,1,B%,1,100, 1
1660671819.935216,6463075.000,55018,1,B%,1,100, 1
1660671820.935043,6464050.000,55155,1,B%,1,100, 1
1660671821.931794,6465022.000,55321,1,B%,1,100, 1
1660671822.931621,6465997.000,55486,1,B%,1,100, 1
1660671823.928371,6466969.000,55634,1,B%,1,100, 1
1660671824.929224,6467945.000,55799,1,B%,1,100, 1
1660671825.925974,6468917.000,55938,1,B%,1,100, 1
1660671826.925801,6469892.000,56086,1,B%,1,100, 1
1660671827.924603,6470866.000,56252,1,B%,1,100, 1
1660671828.922379,6471839.000,56400,1,B%,1,100, 1
1660671829.919129,6472811.000,56565,1,B%,1,100, 1
1660671830.921007,6473788.000,56720,1,B%,1,100, 1
1660671831.916732,6474759.000,56868,1,B%,1,100, 1
1660671832.915534,6475733.000,57016,1,B%,1,100, 1
1660671833.913310,6476706.000,57181,1,B%,1,100, 1
1660671834.914162,6477682.000,57329,1,B%,1,100, 1
1660671835.911938,6478655.000,57479,1,B%,1,100, 1
1660671836.911765,6479630.000,57636,1,B%,1,100, 1
1660671837.909541,6480603.000,57755,1,B%,1,100, 1
1660671838.907317,6481576.000,57903,1,B%,1,100, 1
1660671839.904068,6482548.000,58069,1,B%,1,100, 1
1660671840.901843,6483521.000,58234,1,B%,1,100, 1
1660671841.900645,6484495.000,58387,1,B%,1,100, 1
1660671842.900472,6485470.000,58536,1,B%,1,100, 1
1660671843.897222,6486442.000,58701,1,B%,1,100, 1
1660671844.897049,6487417.000,58849,1,B%,1,100, 1
1660671845.898927,6488394.000,59014,1,B%,1,100, 1
1660671846.897729,6489368.000,59166,1,B%,1,100, 1
1660671847.894479,6490340.000,59331,1,B%,1,100, 1
1660671848.894306,6491315.000,59479,1,B%,1,100, 1
1660671849.891057,6492287.000,59644,1,B%,1,100, 1
1660671850.890884,6493262.000,59793,1,B%,1,100, 1
1660671851.888660,6494235.000,59958,1,B%,1,100, 1
1660671852.889512,6495211.000,60114,1,B%,1,100, 1
1660671853.886263,6496183.000,60262,1,B%,1,100, 1
1660671854.887115,6497159.000,60426,1,B%,1,100, 1
1660671855.884891,6498132.000,60590,1,B%,1,100, 1
1660671856.886769,6499109.000,60739,1,B%,1,100, 1
1660671857.885570,6500083.000,60892,1,B%,1,100, 1
1660671858.882321,6501055.000,61042,1,B%,1,100, 1
1660671859.878046,6502026.000,61206,1,B%,1,100, 1
1660671860.878898,6503002.000,61356,1,B%,1,100, 1
1660671861.874624,6503973.000,61505,1,B%,1,100, 1
1660671862.872400,6504946.000,61644,1,B%,1,100, 1
1660671863.870176,6505919.000,61793,1,B%,1,100, 1
1660671864.870003,6506894.000,61958,1,B%,1,100, 1
1660671865.869829,6507869.000,62106,1,B%,1,100, 1
1660671866.869656,6508844.000,62255,1,B%,1,100, 1
1660671867.868458,6509818.000,62407,1,B%,1,100, 1
1660671868.866234,6510791.000,62571,1,B%,1,100, 1
1660671869.865035,6511765.000,62720,1,B%,1,100, 1
1660671870.862811,6512738.000,62885,1,B%,1,100, 1
1660671871.861613,6513712.000,63033,1,B%,1,100, 1
1660671872.861440,6514687.000,63198,1,B%,1,100, 1
1660671873.858190,6515659.000,63354,1,B%,1,100, 1
1660671874.856992,6516633.000,63442,1,B%,1,100, 1
1660671875.857844,6517609.000,63590,1,B%,1,100, 1
1660671876.855620,6518582.000,63754,1,B%,1,100, 1
1660671877.852371,6519554.000,63904,1,B%,1,100, 1
1660671878.852198,6520529.000,64057,1,B%,1,100, 1
1660671879.850999,6521503.000,64222,1,B%,1,100, 1
